GFOSS_contig_ID	C-1	C-2	C-3	C-4	C-5	C-Ac-1	C-Ac-2	C-Ac-3	C-Ac-4	C-Ac-5	Cd-C1-1	Cd-C1-2	Cd-C1-3	Cd-C1-4	Cd-C1-5	Cd-C3-1	Cd-C3-2	Cd-C3-3	Cd-C3-4	Cd-C3-5	MET-C1-1	MET-C1-2	MET-C1-3	MET-C1-4	MET-C1-5	MET-C2-1	MET-C2-2	MET-C2-3	MET-C2-4	MET-C2-5	PYR-C1-1	PYR-C1-2	PYR-C1-3	PYR-C1-4	PYR-C1-5	PYR-C3-1	PYR-C3-2	PYR-C3-3	PYR-C3-4	PYR-C3-5
8_fr4	0	0	0	0	3	0	0	0	0	0	0	0	0	0	0	0	0	0	0	0	0	0	0	0	0	0	0	0	0	0	0	0	0	0	0	0	0	0	0	0
14_fr3	26	35	18	26	5	23	30	16	21	9	38	59	48	34	39	47	61	31	51	10	40	6	10	53	40	6	17	30	7	42	30	11	9	29	39	13	13	34	14	1
64_fr6	0	0	0	0	0	0	0	0	0	0	0	0	0	0	0	0	0	0	0	0	0	0	0	0	0	0	0	0	0	0	0	0	0	0	0	0	0	0	0	8
108_fr5	2	0	7	0	2	0	0	0	5	6	0	2	0	5	3	0	0	9	0	0	0	0	0	0	0	10	0	1	2	6	0	0	0	0	5	2	0	0	0	2
124_fr5	0	0	0	0	0	0	0	0	0	0	0	0	0	0	0	0	0	0	1	0	0	0	1	0	0	0	0	0	3	1	0	0	1	0	0	0	0	0	0	2
143_fr6	0	3	0	0	0	0	0	1	1	0	0	1	0	0	1	2	0	2	0	0	2	2	2	0	0	2	0	0	1	0	1	2	0	0	1	0	0	0	0	2
155_fr4	0	0	0	0	0	0	0	0	0	0	0	0	0	0	0	0	0	0	0	0	0	0	1	0	0	0	0	0	1	1	0	0	0	1	0	0	0	0	0	0
156_fr4	4	5	0	0	1	0	0	0	0	14	7	2	5	0	0	0	3	10	0	0	0	0	0	0	0	0	1	0	1	0	0	2	8	0	3	0	1	0	0	0
202_fr5	4	0	0	1	6	0	0	0	0	5	0	0	0	0	0	0	0	0	1	0	0	0	0	0	0	0	0	0	0	0	0	3	3	0	2	0	2	0	0	0
343_fr5	1	0	0	0	1	0	0	0	0	0	0	0	0	0	0	0	0	0	0	0	0	0	0	0	0	0	0	0	0	0	0	0	0	5	0	0	0	0	0	0
345_fr2	0	0	0	0	5	0	0	0	0	0	0	0	0	0	0	0	0	0	0	0	0	0	0	0	0	0	0	0	0	0	0	0	0	0	0	0	0	0	0	0
422_fr4	7	10	8	7	5	7	6	9	4	0	9	14	9	9	9	10	12	10	10	2	8	4	4	10	8	7	10	7	2	8	5	6	6	7	8	6	8	8	8	0
439_fr3	0	9	0	0	0	0	0	0	6	7	0	6	0	3	0	4	0	4	0	0	2	4	10	0	10	12	0	8	11	4	0	11	0	10	0	0	0	0	0	12
441_fr2	2	0	0	1	0	0	0	0	5	1	0	0	0	1	0	0	0	0	2	0	0	1	0	0	4	3	0	0	1	2	0	0	3	0	3	1	0	2	0	4
461_fr1	4	10	4	2	5	4	0	4	4	10	0	11	0	7	3	5	0	9	3	0	6	7	17	5	8	6	5	9	6	9	7	11	0	17	6	0	9	0	0	8
470_fr4	10	8	4	1	19	1	0	2	3	25	19	8	11	2	11	5	5	19	3	0	3	4	0	1	2	1	5	6	3	3	3	3	9	5	5	3	4	1	0	1
521_fr6	0	0	0	0	0	0	0	0	0	0	0	0	0	0	0	0	0	0	0	0	0	0	0	0	0	0	0	0	0	0	0	0	0	0	0	0	0	0	0	4
525_fr3	0	0	0	0	0	0	0	0	5	0	0	0	0	0	0	0	0	0	0	0	0	0	0	0	0	0	0	0	0	0	0	0	0	0	0	0	0	0	0	3
608_fr6	0	0	0	0	0	0	0	0	0	0	0	0	0	0	0	0	0	0	0	0	0	0	0	0	0	0	0	0	0	0	0	0	2	0	0	0	0	0	0	0
626_fr4	7	3	0	19	2	16	15	7	26	10	12	2	0	2	8	8	5	0	10	24	18	6	14	9	7	2	2	15	7	8	22	8	0	12	2	11	6	2	8	2
657_fr4	0	0	0	0	0	0	0	0	0	0	0	0	0	0	0	0	0	0	0	0	0	1	0	0	0	4	2	5	1	0	0	0	0	0	0	0	1	0	0	0
679_fr1	0	0	0	0	0	0	0	0	0	0	0	0	2	0	1	2	2	2	0	0	0	0	0	2	0	0	0	0	0	0	0	0	0	0	0	0	0	0	0	0
697_fr6	0	0	0	0	0	0	0	0	0	6	0	0	0	0	0	0	0	0	0	0	0	0	0	0	0	0	0	0	0	0	0	0	0	0	0	0	0	0	0	0
737_fr2	0	0	0	0	0	0	0	0	0	0	0	0	0	0	0	0	0	0	0	3	0	0	0	0	0	0	0	0	0	0	0	0	0	0	0	0	0	0	0	0
813_fr4	0	0	0	0	0	0	0	0	0	0	0	0	0	0	0	0	0	0	0	0	0	0	0	0	0	0	0	0	0	0	0	0	0	0	2	0	0	0	0	0
823_fr5	0	0	0	0	1	0	0	0	0	0	0	0	0	0	0	0	0	0	0	0	0	0	0	0	0	2	0	0	0	0	0	0	0	0	0	0	0	0	0	0
1019_fr4	0	0	0	0	0	0	0	0	0	0	0	0	0	0	0	0	0	0	0	0	0	0	0	0	0	0	0	0	0	0	0	0	0	0	8	0	0	0	0	0
1038_fr1	0	0	0	0	0	0	5	0	0	0	0	0	0	0	0	0	0	0	0	0	0	0	0	0	0	0	0	0	0	0	0	0	0	0	0	0	0	0	0	0
1065_fr4	4	4	5	5	4	5	0	4	0	6	3	3	0	3	5	2	0	3	3	9	3	5	2	0	6	0	6	4	4	1	0	3	5	7	4	6	4	0	1	0
1094_fr3	0	1	0	0	0	0	0	0	0	0	0	0	0	0	0	0	1	0	0	0	0	0	12	0	0	0	0	1	0	0	2	3	0	3	0	0	4	1	0	2
1134_fr1	0	0	1	0	0	0	0	0	0	9	2	2	2	0	1	0	2	2	3	0	0	4	2	3	2	0	0	0	1	10	4	7	0	1	9	2	0	3	2	9
1139_fr2	0	0	0	0	0	0	0	0	0	0	0	0	0	2	0	0	0	1	0	0	0	0	0	0	0	0	0	0	1	0	0	0	0	0	0	0	0	0	0	2
1148_fr3	0	0	0	2	0	0	4	0	0	0	0	0	0	0	0	0	0	0	0	1	0	0	0	0	0	0	0	0	0	0	0	0	0	0	0	0	0	2	3	0
1162_fr1	0	0	0	0	0	0	0	0	0	0	0	0	0	0	0	0	0	0	0	3	0	0	0	0	0	1	0	0	0	0	0	0	0	0	0	0	0	0	0	0
1256_fr1	0	0	0	1	0	0	0	0	4	0	0	0	1	2	0	1	0	0	0	0	0	0	0	0	0	0	0	0	0	0	0	0	0	0	0	3	0	2	1	0
1277_fr6	0	0	0	0	0	0	0	0	0	0	2	0	0	0	0	0	0	0	0	0	0	0	0	0	0	0	0	0	0	0	0	3	0	0	2	0	0	0	0	0
1282_fr3	0	0	0	0	0	0	0	0	0	0	0	0	0	0	0	0	0	0	0	0	0	0	0	0	0	0	0	0	0	0	0	0	0	0	0	0	3	0	0	0
1295_fr5	0	0	0	0	5	0	0	0	0	0	0	0	0	0	1	0	0	0	0	0	0	2	0	0	0	1	0	0	0	0	0	0	0	0	0	0	0	0	0	0
1344_fr4	0	0	5	0	0	0	0	0	0	7	0	5	4	0	2	0	0	2	0	0	0	3	0	0	1	1	2	1	7	4	0	3	4	0	4	5	5	2	0	5
1366_fr1	0	0	0	0	0	0	0	0	0	2	0	0	0	0	0	0	0	0	0	0	0	0	0	0	0	4	0	0	0	0	0	0	1	0	0	0	0	0	0	0
1574_fr5	0	2	2	0	2	1	0	0	10	0	18	1	0	6	0	4	0	0	8	0	6	8	7	2	9	4	0	13	0	10	8	7	0	2	3	1	11	1	0	0
1601_fr2	0	0	5	0	2	0	0	1	3	4	1	0	1	0	0	0	0	0	0	0	0	1	0	0	2	1	1	2	2	0	1	4	0	0	0	4	0	4	4	0
1628_fr1	0	0	1	1	6	1	1	2	2	2	0	0	1	1	0	0	0	2	0	0	0	2	1	1	0	3	2	0	3	2	2	1	3	0	4	1	2	1	0	4
1683_fr4	0	3	0	0	0	0	0	0	0	0	0	0	0	1	0	0	0	0	0	0	0	0	2	0	0	1	0	0	0	1	0	0	0	0	0	0	0	0	0	7
1719_fr3	0	0	0	0	0	0	0	0	0	0	0	0	0	0	0	0	0	0	0	0	0	0	1	0	0	0	0	0	0	0	0	0	0	0	0	0	0	0	0	6
1737_fr2	0	0	0	0	0	0	0	0	3	0	0	0	0	0	0	0	0	0	0	0	0	0	0	0	0	0	0	0	0	0	3	3	0	0	0	0	0	0	0	0
1784_fr6	0	1	1	5	0	0	0	1	0	0	0	0	0	0	1	2	0	0	2	0	0	0	0	0	0	0	0	0	0	0	0	0	5	0	7	0	0	0	0	0
1803_fr2	0	0	0	0	0	0	4	0	0	0	0	0	0	0	0	0	0	0	0	0	0	0	0	0	0	0	0	0	0	0	0	0	0	0	0	0	0	0	0	0
1811_fr1	0	0	0	0	0	0	0	0	0	6	0	3	1	0	0	0	0	2	0	0	3	0	0	0	0	0	0	0	0	0	0	0	6	0	5	0	0	0	0	0
1836_fr6	0	0	0	0	0	0	0	0	0	0	1	4	2	0	0	0	4	0	1	0	0	0	0	4	5	0	0	1	0	2	0	0	0	0	0	0	0	1	0	0
1917_fr2	0	0	0	0	1	0	0	0	0	2	0	0	0	0	3	0	0	0	0	0	0	0	0	0	0	0	0	0	0	0	0	0	0	0	4	0	4	4	0	0
1966_fr3	0	3	0	0	0	0	0	2	0	2	0	0	0	0	0	0	0	1	0	0	0	0	0	3	5	0	2	5	5	1	2	5	0	0	1	0	2	0	0	3
1975_fr6	0	0	0	0	4	3	0	1	0	1	0	0	0	0	2	0	0	0	0	0	5	1	3	7	2	2	4	0	3	0	5	4	0	0	3	0	2	0	1	3
2029_fr2	3	17	1	1	0	1	0	0	0	0	18	33	17	7	1	3	13	0	0	0	0	0	0	13	4	0	0	1	0	3	2	1	0	0	3	0	1	1	3	0
2101_fr3	0	0	0	1	0	0	0	0	3	3	3	5	4	5	4	5	3	5	3	5	5	4	3	6	5	5	3	0	6	5	3	4	3	5	6	5	5	6	1	6
2151_fr2	0	0	0	0	0	0	0	0	0	0	0	0	0	0	0	0	0	0	0	0	0	0	0	0	1	0	4	0	0	0	1	0	0	0	0	0	1	0	0	0
2235_fr4	0	0	0	0	0	0	0	2	0	0	2	3	3	2	0	0	0	4	1	0	2	2	0	2	2	2	2	2	0	2	0	3	6	1	2	2	0	0	0	2
2278_fr6	1	8	6	11	4	7	2	6	23	2	6	6	7	13	8	8	8	11	12	6	10	9	8	11	9	8	11	14	10	8	8	11	7	9	9	12	12	10	9	7
2292_fr2	0	0	0	3	0	0	0	4	0	0	0	0	0	2	0	0	0	0	0	7	0	1	0	0	0	3	0	0	3	0	0	0	0	0	0	2	1	4	0	2
2308_fr6	0	0	3	2	2	0	0	2	2	0	1	2	0	1	4	0	0	2	1	6	1	2	1	2	2	1	1	1	2	9	0	2	1	2	0	0	2	2	2	2
2365_fr2	0	0	0	0	0	0	4	0	0	0	0	0	0	0	0	0	0	0	0	0	0	0	0	0	0	0	0	0	0	0	0	0	0	0	0	0	0	0	0	0
2450_fr1	0	0	0	0	0	0	0	3	0	4	0	3	0	2	0	0	0	0	2	8	0	0	0	0	7	4	5	4	13	0	0	0	0	0	0	0	0	1	0	0
2459_fr1	0	0	0	0	3	0	0	0	2	1	0	0	0	0	0	0	0	0	0	0	0	0	0	0	0	0	0	0	0	0	0	0	0	0	0	3	0	0	0	0
2491_fr4	0	0	0	0	0	0	0	0	0	0	0	0	0	0	0	0	0	0	0	0	2	0	0	0	0	0	0	0	0	0	0	0	0	0	0	0	0	0	0	0
2493_fr4	0	0	0	0	1	0	0	0	0	0	0	0	0	0	0	0	0	0	0	0	0	0	0	0	0	7	0	0	0	0	0	9	0	1	0	1	0	0	0	2
2562_fr2	0	0	0	1	0	0	0	0	0	0	0	0	1	2	0	0	0	0	0	0	0	0	0	0	0	8	0	0	1	0	2	0	0	0	0	0	0	0	0	18
2598_fr4	0	0	0	0	1	0	0	0	0	4	0	0	0	0	2	0	0	0	0	0	1	0	0	0	0	2	0	0	2	0	0	2	1	1	2	0	3	0	0	3
2625_fr2	0	0	0	0	0	0	0	0	0	4	0	0	0	0	0	0	0	0	0	0	0	0	0	0	0	0	0	0	0	0	0	0	0	0	0	0	0	0	0	0
2775_fr2	0	0	2	0	3	0	0	0	2	0	0	0	5	0	0	0	0	0	0	0	0	0	0	0	0	0	0	1	0	0	0	0	2	0	1	2	3	0	0	2
2799_fr2	0	0	0	0	0	0	0	0	0	0	0	2	1	1	0	1	1	1	0	4	2	0	0	12	3	3	1	1	4	3	1	1	0	1	4	0	0	3	1	4
2839_fr5	0	0	0	0	1	0	0	0	0	1	0	0	0	0	0	0	0	0	0	0	3	0	0	0	0	4	0	2	0	0	0	0	0	0	0	0	4	0	0	0
2853_fr3	0	2	0	16	0	1	9	7	14	5	7	4	7	10	8	7	6	6	8	8	7	2	8	13	8	1	9	10	10	8	16	10	8	11	9	13	19	9	13	9
2906_fr1	0	0	0	2	0	0	0	0	0	0	0	0	0	0	0	0	0	0	0	0	1	1	0	0	0	0	0	0	0	0	0	3	1	0	0	0	0	0	0	0
2916_fr1	0	0	0	0	0	0	0	0	0	0	0	0	0	0	0	0	0	0	0	0	0	0	0	0	0	0	0	0	0	0	0	0	3	0	0	0	0	0	0	0
2997_fr4	0	4	0	0	0	0	0	0	0	0	0	0	0	0	0	0	0	2	0	0	0	0	0	0	3	0	0	0	0	0	0	0	0	0	0	2	0	1	0	0
3082_fr3	0	0	0	0	0	0	0	0	0	0	0	0	0	0	0	0	0	0	0	3	0	0	0	0	0	0	0	0	0	0	0	0	0	0	0	0	0	0	0	0
3093_fr3	0	0	0	0	0	0	0	0	0	0	0	0	0	0	0	0	0	0	0	0	0	0	0	0	0	0	0	0	0	0	0	0	0	0	0	0	0	0	0	3
3110_fr2	0	0	0	0	0	0	0	0	0	0	0	0	0	0	0	0	0	0	0	5	0	0	0	0	0	0	0	0	0	0	0	0	0	0	0	0	0	0	0	0
3149_fr3	2	2	2	3	3	2	3	5	0	1	0	3	2	3	2	7	4	2	2	4	24	6	6	5	2	2	3	0	1	2	2	4	2	0	2	1	2	3	4	0
3152_fr3	0	3	0	0	0	4	10	0	0	0	0	0	0	0	0	0	0	0	0	0	0	0	0	0	0	0	0	0	0	0	0	0	0	0	0	0	0	1	4	0
3157_fr1	0	0	0	0	0	1	2	1	0	0	0	5	0	1	1	0	5	0	0	0	0	0	0	10	1	0	0	0	0	1	0	0	0	0	0	0	2	2	1	0
3241_fr5	4	5	4	0	5	0	0	0	0	6	0	0	0	0	6	0	0	7	0	0	0	8	0	0	0	0	0	0	0	0	0	0	5	0	0	8	4	0	0	0
3508_fr6	0	0	0	0	0	0	5	0	0	0	0	0	0	0	0	0	0	0	0	0	0	0	0	0	0	0	0	0	0	0	0	0	0	0	0	0	0	0	0	0
3601_fr6	0	0	0	0	0	0	0	0	0	0	0	0	0	0	0	0	0	0	0	0	0	0	0	0	0	3	0	0	0	0	0	0	0	0	0	0	0	0	0	9
3624_fr5	0	0	0	0	0	0	0	0	0	0	0	0	0	0	0	0	0	0	0	0	0	0	0	0	0	0	0	0	0	0	0	0	0	0	0	0	0	0	0	3
3678_fr1	6	7	0	7	0	3	8	2	15	11	0	0	1	0	0	0	0	0	0	0	0	0	2	4	0	0	3	8	0	9	11	6	0	4	0	0	1	12	10	6
3755_fr4	0	0	0	0	0	0	2	0	0	0	0	0	0	0	0	0	0	0	0	0	0	0	0	0	0	0	0	0	0	0	0	0	0	0	0	0	0	0	0	0
3764_fr3	0	0	0	0	0	0	0	2	0	2	0	0	0	0	0	0	0	0	0	0	0	0	0	0	0	2	0	0	1	0	3	0	0	0	1	0	0	0	0	0
3774_fr3	0	0	0	0	0	0	0	0	0	0	0	0	0	4	0	0	0	0	0	0	0	0	0	0	0	0	0	0	0	0	0	0	0	0	0	0	0	0	0	0
3833_fr1	0	0	0	0	0	0	0	0	0	0	0	0	0	0	0	0	0	0	0	0	0	0	0	0	0	0	0	0	5	0	0	0	0	0	0	0	0	0	0	0
3846_fr2	0	0	0	0	0	0	0	0	0	2	0	0	0	0	0	0	0	3	0	0	0	0	0	0	0	0	2	0	0	0	0	0	2	0	0	0	0	0	0	0
4020_fr4	2	1	0	1	3	0	0	1	0	4	0	0	0	0	0	1	3	3	3	0	4	0	2	1	3	0	2	1	4	4	2	2	1	2	0	0	0	1	0	1
4071_fr2	1	0	0	0	4	0	0	2	3	7	0	2	3	5	2	4	4	13	3	1	4	5	4	2	3	10	3	1	5	5	3	8	8	8	4	6	2	2	0	5
4123_fr3	0	0	0	2	3	0	0	0	2	1	0	0	0	0	0	0	0	0	0	0	1	1	0	0	0	3	0	0	2	0	2	7	3	2	0	0	0	0	0	2
4152_fr4	2	0	6	2	4	0	0	3	0	5	0	2	0	4	0	1	0	3	0	0	0	8	6	2	4	8	3	2	9	7	0	7	2	8	5	3	0	4	0	11
4166_fr3	0	0	0	0	0	0	0	0	0	0	0	0	0	0	0	0	0	2	0	0	0	0	0	0	0	0	0	0	0	0	0	0	0	0	0	0	0	0	0	0
4227_fr2	7	12	12	13	10	8	5	6	6	3	6	14	5	8	7	6	12	6	7	9	7	7	5	13	9	8	9	7	6	8	4	7	15	3	17	8	18	19	16	2
4242_fr1	0	0	0	0	0	4	2	0	0	0	0	0	0	0	0	0	0	0	0	0	0	0	0	0	0	0	0	0	0	0	0	0	0	0	0	0	0	0	0	0
4252_fr3	0	0	0	0	0	0	4	0	0	0	0	0	0	0	0	0	0	0	0	0	0	0	0	0	0	0	0	0	0	0	0	0	0	0	0	0	0	0	0	0
4287_fr3	0	0	0	0	0	0	3	0	0	0	0	0	0	0	0	0	0	0	0	0	0	0	0	0	0	0	0	0	0	0	0	0	0	0	0	0	0	0	0	0
4315_fr5	0	0	0	0	0	0	0	0	0	0	0	0	0	0	0	0	0	0	0	0	0	0	0	0	0	3	0	0	0	0	0	0	0	0	0	0	1	0	0	5
4401_fr4	0	0	0	0	0	0	0	0	0	0	0	0	0	0	1	0	0	0	1	0	0	0	0	2	0	0	1	0	0	0	0	0	0	0	0	0	7	4	0	8
4456_fr5	9	6	0	0	9	0	0	0	0	19	12	2	10	0	0	0	3	11	0	0	2	0	0	2	5	2	1	2	0	0	0	0	9	4	3	0	5	0	0	2
4565_fr1	6	0	8	10	2	5	5	11	18	3	11	16	9	16	10	9	2	0	15	0	11	9	12	11	4	2	7	13	11	5	9	12	15	10	17	3	4	7	9	6
4631_fr3	0	0	0	0	0	0	0	0	4	0	0	0	0	0	0	0	0	0	0	0	0	0	0	0	0	0	0	0	0	0	0	0	0	0	0	0	0	0	0	0
4635_fr5	4	7	8	6	9	4	0	9	8	17	13	10	10	8	6	10	5	10	6	1	8	10	3	8	9	11	13	15	8	5	7	8	16	14	16	2	9	7	2	9
4646_fr4	0	0	0	0	0	0	0	0	0	0	0	0	0	0	0	0	0	0	0	0	0	0	0	0	0	0	0	3	0	0	2	0	0	0	0	0	0	0	0	6
4647_fr6	0	2	2	1	4	0	0	3	0	4	3	4	5	0	2	0	2	6	2	0	2	2	0	1	2	2	2	2	2	2	1	3	1	0	2	2	5	0	0	0
4696_fr1	2	1	0	0	0	0	0	1	0	8	4	2	1	0	0	1	0	4	0	0	1	0	0	0	0	0	0	2	0	0	2	0	0	0	0	0	0	0	0	0
4737_fr3	0	0	0	0	0	0	0	0	10	7	0	4	4	5	4	0	3	8	5	0	7	8	5	5	5	6	0	6	10	0	8	8	6	7	8	0	9	8	6	8
4746_fr4	1	0	0	1	0	1	0	0	0	1	2	4	2	2	0	2	4	0	1	0	2	1	2	0	0	0	1	1	2	0	1	0	2	0	1	2	0	0	1	0
4757_fr2	0	0	0	3	0	0	4	0	0	0	0	0	0	0	0	0	0	0	0	4	0	0	0	0	0	0	0	0	0	0	2	0	0	0	0	0	0	4	4	0
4872_fr6	0	0	1	0	0	0	0	0	0	0	2	0	0	0	0	1	0	0	2	0	0	0	0	0	1	0	0	0	0	0	1	1	0	0	2	0	0	0	0	0
4879_fr4	4	3	3	2	4	0	0	2	1	2	0	2	1	0	2	0	0	2	2	2	2	3	0	0	0	1	0	0	1	2	0	0	2	1	0	2	3	3	0	0
4935_fr3	0	0	0	0	0	0	0	0	0	2	0	0	0	0	0	0	0	0	0	0	0	0	0	0	1	0	0	0	3	2	0	0	0	2	0	0	0	0	0	4
5094_fr6	0	0	1	0	0	0	0	1	0	1	0	2	1	0	0	0	0	0	1	0	0	0	0	0	2	1	0	0	1	1	0	0	1	0	1	1	0	0	0	0
5269_fr4	0	0	0	0	0	0	0	0	0	0	0	0	0	0	0	0	0	0	0	5	0	0	0	0	0	0	0	0	0	0	0	0	0	0	0	0	0	0	0	0
5310_fr1	0	0	0	0	0	0	0	0	0	0	0	0	0	0	0	0	0	0	3	0	0	0	0	0	0	2	0	0	8	0	3	0	4	5	4	0	0	0	0	8
5366_fr5	0	0	0	0	0	0	0	0	0	3	2	0	0	0	0	0	0	0	0	0	0	0	0	0	0	0	0	0	0	0	0	0	0	0	0	0	0	0	0	0
5392_fr6	0	0	0	0	0	0	0	1	0	0	0	0	0	2	0	0	0	0	0	0	0	1	2	0	0	2	0	2	1	0	0	4	0	0	0	0	1	0	14	2
5407_fr1	0	0	0	0	0	0	0	0	0	0	0	0	0	0	0	0	0	0	0	0	0	0	0	0	0	0	0	0	0	0	0	0	0	0	0	0	0	0	0	6
5492_fr3	12	3	0	4	3	6	9	15	17	3	10	13	17	8	16	21	28	5	22	2	9	2	19	28	15	3	18	16	16	18	11	11	12	12	10	21	16	9	10	2
5589_fr4	0	9	0	0	0	0	0	1	0	3	0	5	0	0	0	4	0	0	0	0	0	0	5	0	0	3	0	5	0	4	0	6	0	4	0	0	0	0	0	8
5631_fr5	0	0	0	0	0	0	7	0	0	0	0	0	0	0	0	0	0	0	0	0	0	0	0	0	0	0	0	0	0	0	0	0	0	0	0	0	0	4	0	0
5763_fr2	1	0	0	0	0	0	0	0	0	0	2	0	0	0	0	0	0	1	0	0	1	0	0	0	0	0	3	2	0	0	0	0	1	0	0	0	0	0	0	0
5839_fr3	0	0	0	0	0	0	0	0	0	0	0	0	0	2	0	7	0	0	0	0	0	0	0	0	0	0	0	0	0	0	0	0	0	0	0	0	0	0	0	0
5884_fr2	0	0	0	0	0	0	6	0	0	0	0	0	0	0	0	0	0	0	0	0	0	0	0	0	0	0	0	0	0	0	0	0	0	0	0	0	0	0	0	0
5917_fr5	0	0	0	0	0	0	0	0	0	3	0	2	0	0	0	0	0	0	0	0	4	1	2	0	0	0	0	0	0	0	0	0	0	0	0	0	0	0	0	1
5991_fr4	0	0	0	0	0	0	0	4	0	0	0	0	0	0	0	0	0	0	0	4	0	0	0	0	0	0	0	0	0	0	0	0	0	0	0	0	0	0	0	0
6287_fr4	0	0	1	1	1	0	0	0	0	1	0	0	0	0	0	1	0	0	0	0	0	2	4	0	1	0	0	1	0	0	0	0	0	0	0	1	1	0	0	0
6306_fr2	0	0	0	0	6	0	0	0	0	0	0	0	0	0	0	0	0	0	0	0	0	0	0	0	0	4	0	0	0	0	0	0	0	0	0	0	0	0	0	0
6350_fr2	0	0	0	0	0	5	5	0	0	0	0	0	0	0	0	0	0	0	0	0	0	0	0	0	0	0	0	0	0	0	0	0	0	0	0	0	0	0	0	0
6358_fr4	0	0	0	0	0	0	0	0	0	0	0	2	0	0	0	0	0	0	0	0	0	0	4	0	0	0	0	1	2	0	0	0	0	0	0	0	0	0	0	2
6432_fr4	0	0	0	0	0	5	6	0	0	0	0	0	0	0	0	0	0	0	0	0	0	0	0	0	0	0	0	0	0	0	0	0	0	0	0	0	0	0	0	0
6444_fr2	0	0	0	0	0	0	0	0	0	0	5	8	0	2	0	0	6	0	0	0	0	0	0	6	4	0	0	0	1	0	0	0	0	0	2	0	1	0	0	0
6495_fr1	0	0	0	0	0	0	0	0	0	0	0	4	1	0	0	0	0	0	0	0	0	0	0	0	0	0	0	0	0	0	0	0	0	0	0	0	0	0	0	0
6538_fr6	4	0	0	0	0	0	0	1	0	2	0	0	0	3	1	4	0	1	0	2	0	0	2	0	2	0	1	1	0	0	1	4	1	1	2	0	0	9	0	0
6689_fr5	0	0	0	0	0	0	0	0	2	3	0	3	0	0	0	0	3	0	2	0	0	3	3	3	0	0	0	3	3	0	3	2	0	0	3	2	2	3	0	7
6766_fr3	0	0	1	0	0	0	0	0	0	0	0	4	3	0	2	0	3	0	0	0	0	0	0	0	0	0	0	0	0	0	0	0	0	0	0	0	0	0	0	0
6885_fr5	0	0	0	0	0	0	0	0	0	1	0	1	0	1	0	0	0	6	0	0	0	0	2	0	0	0	0	0	3	2	0	0	0	0	0	0	0	0	0	0
6945_fr6	0	0	0	2	0	0	2	1	3	2	3	1	6	4	0	0	0	0	0	2	0	2	1	0	1	3	4	2	2	2	5	0	5	2	2	2	3	2	2	4
7061_fr2	7	6	0	12	0	4	11	8	11	9	6	8	6	7	7	5	6	0	6	6	9	7	8	8	5	7	7	9	8	7	12	10	5	10	4	8	7	8	10	8
7169_fr4	0	0	0	0	0	0	0	0	0	1	0	0	0	0	0	0	0	0	0	0	0	0	0	0	0	1	0	1	0	0	0	0	2	0	1	0	0	0	0	10
7367_fr6	0	0	0	0	0	4	2	0	0	0	0	0	0	0	0	0	0	0	0	0	0	0	0	0	0	0	0	0	0	0	0	0	0	0	0	0	0	0	0	0
7432_fr3	0	0	0	0	0	0	14	0	0	0	2	0	0	0	7	9	0	0	7	0	0	4	0	0	0	0	0	0	11	0	9	0	0	0	0	10	10	0	3	0
7625_fr2	0	1	0	1	0	0	0	0	2	3	0	1	6	0	3	0	0	0	2	0	0	4	0	0	3	4	2	0	3	0	0	1	3	0	2	2	2	2	2	6
7908_fr4	0	4	0	0	0	1	0	0	3	6	0	5	0	1	0	2	1	1	1	0	3	2	8	3	2	0	1	5	6	7	0	2	0	7	4	0	3	0	0	2
7942_fr6	0	0	0	0	0	0	0	0	2	7	1	4	1	4	0	0	0	3	0	0	4	2	0	4	3	5	2	0	4	5	3	4	2	4	6	1	3	2	0	0
7953_fr6	0	3	7	5	5	0	0	2	3	10	2	0	7	0	2	0	0	5	7	0	0	6	0	0	8	6	4	0	8	5	0	6	10	0	3	5	0	5	0	8
7983_fr6	12	7	0	1	0	0	0	1	0	11	10	0	2	0	0	0	0	18	1	0	0	0	0	0	0	0	2	0	2	0	0	0	11	4	2	0	0	0	0	0
8064_fr3	0	0	0	0	5	0	2	0	0	0	0	0	0	0	0	0	0	0	0	0	0	0	0	0	0	0	0	0	0	0	0	0	0	0	0	0	0	0	0	0
8112_fr6	3	4	2	0	0	2	0	2	0	3	3	1	2	0	2	2	1	4	1	1	3	0	0	1	2	3	2	2	2	1	2	1	1	2	4	0	1	1	1	0
8132_fr6	0	0	0	0	0	0	0	0	0	0	3	0	0	0	0	1	0	1	0	0	0	0	0	0	0	0	1	0	0	0	0	0	1	0	0	0	0	0	0	0
8186_fr2	0	2	0	0	0	0	0	0	0	0	0	2	0	2	0	0	0	0	0	0	0	0	7	0	0	2	0	1	1	0	4	1	0	7	0	0	0	0	0	0
8190_fr1	3	10	0	0	0	0	0	8	0	0	11	5	3	4	3	2	5	10	2	8	2	2	2	2	10	2	2	2	2	3	2	2	2	10	3	10	11	3	3	10
8288_fr5	5	5	0	6	0	6	0	5	0	0	0	0	6	6	8	0	0	0	0	0	6	0	0	10	6	5	2	0	0	7	0	5	0	0	0	0	0	6	4	0
8483_fr6	0	0	0	0	0	0	0	0	8	0	0	0	0	2	0	0	0	0	0	0	0	0	0	6	0	0	0	0	0	3	3	3	0	1	3	0	2	0	0	2
8708_fr1	0	0	0	0	0	0	0	0	0	0	0	0	0	0	0	0	0	0	0	0	0	0	0	0	0	0	0	0	3	0	0	0	0	0	0	0	0	0	0	0
8722_fr3	0	0	0	0	1	0	0	0	0	0	0	0	0	0	0	0	0	0	0	0	0	0	0	0	0	0	0	0	0	0	0	0	0	0	0	0	0	0	0	1
8832_fr2	0	0	0	0	2	0	0	0	0	0	0	0	0	0	0	0	0	0	0	1	0	0	0	0	8	0	0	0	3	2	1	0	0	2	0	0	1	1	0	2
9002_fr1	0	1	1	0	24	0	0	10	12	13	0	0	0	14	12	0	0	8	0	0	0	0	0	13	0	0	0	0	4	1	1	13	11	5	13	1	14	10	0	2
9264_fr5	0	0	0	0	0	0	0	0	0	1	0	0	0	0	0	0	0	0	0	0	0	0	0	5	0	0	0	0	0	0	0	1	0	0	0	0	7	0	0	0
9438_fr2	13	3	13	20	0	2	15	0	0	5	2	25	2	17	17	18	31	0	27	0	1	0	0	33	20	0	12	2	0	26	0	13	12	9	6	10	16	15	20	0
9667_fr6	2	3	0	3	0	6	9	0	0	0	0	0	0	0	1	1	0	0	0	5	0	0	0	0	0	0	0	0	0	0	2	2	0	2	0	0	2	8	9	0
9730_fr4	2	1	2	0	0	9	2	2	8	3	6	2	2	2	0	2	2	0	2	6	0	2	0	0	0	0	0	0	0	5	11	2	2	0	0	1	0	2	2	0
10101_fr5	1	0	0	0	3	0	0	2	0	1	0	0	0	0	0	1	0	0	0	0	2	0	0	0	0	1	3	0	0	0	0	0	2	0	5	4	6	6	0	0
10109_fr4	0	0	0	4	0	0	0	0	0	0	0	0	0	0	0	0	0	0	0	0	0	0	0	0	1	0	0	0	0	0	0	2	0	2	0	1	0	0	0	0
10149_fr3	0	2	0	4	0	2	6	0	0	0	0	0	0	0	0	0	0	0	1	4	0	0	0	0	0	0	0	0	0	0	2	2	0	1	0	0	0	4	4	0
10171_fr5	0	0	0	14	22	0	0	11	16	16	0	5	7	4	10	2	6	1	1	3	4	19	1	0	9	12	1	4	16	16	12	14	4	16	8	2	1	13	0	0
10189_fr3	0	0	4	0	0	0	0	0	0	0	0	5	0	5	0	4	5	0	5	0	0	0	0	6	3	4	0	0	0	1	0	0	0	0	4	0	0	5	0	0
10262_fr3	0	0	0	0	0	0	0	0	0	0	0	0	0	0	0	0	0	1	0	0	0	0	0	0	0	2	2	0	0	0	0	2	0	0	0	0	0	0	0	0
10397_fr1	0	0	0	2	4	0	0	0	2	2	0	2	0	0	2	0	0	0	0	0	2	2	0	0	2	2	0	0	2	0	0	2	0	2	0	0	0	2	0	3
10466_fr4	0	0	0	0	0	1	3	0	0	0	0	0	0	0	0	0	0	0	0	0	0	0	0	0	0	0	0	0	0	0	0	0	0	0	0	0	0	0	0	0
10515_fr1	0	0	1	0	2	0	0	1	1	0	0	1	1	0	0	0	0	0	0	0	0	1	0	0	2	0	1	0	0	3	0	3	4	3	3	0	2	3	0	0
10582_fr1	0	0	0	0	0	0	0	0	0	0	0	0	0	0	0	0	0	0	0	0	0	0	0	0	0	0	0	0	0	0	0	2	0	0	0	0	0	0	1	0
10630_fr3	0	0	0	0	1	0	0	0	0	0	0	1	1	0	0	0	0	0	0	0	1	0	3	0	0	0	0	0	0	0	0	0	0	0	0	0	0	1	0	0
10635_fr3	0	0	2	3	5	0	0	2	2	5	2	1	2	1	5	0	0	5	0	1	0	3	0	1	1	3	2	0	0	2	0	3	4	3	2	2	3	0	0	0
10740_fr1	0	1	0	1	3	0	0	2	0	0	0	0	0	4	0	0	0	1	0	0	2	2	0	0	2	2	1	1	2	2	0	0	0	3	2	0	0	1	0	4
10905_fr1	0	0	0	0	0	0	0	0	0	0	0	0	0	2	0	0	0	0	0	0	2	0	0	2	2	0	0	0	3	1	0	0	0	0	0	0	3	0	0	2
11145_fr5	1	0	0	0	0	0	0	0	0	0	0	0	0	0	0	0	0	2	4	0	2	1	0	1	0	0	0	0	5	0	0	0	0	0	0	0	0	0	0	0
11190_fr1	0	0	0	0	0	0	0	0	0	0	0	0	2	0	0	0	0	0	0	0	0	0	0	9	0	0	0	0	0	0	0	0	0	0	0	0	0	0	0	0
11310_fr4	0	0	0	0	1	0	0	0	0	0	0	0	0	0	0	0	0	0	0	0	0	0	0	0	0	0	0	0	0	0	0	1	0	1	1	0	0	0	0	0
11505_fr1	0	0	0	0	0	0	0	0	0	0	0	2	0	2	0	0	0	1	0	0	0	0	0	0	0	0	1	0	0	0	1	0	0	0	0	0	0	0	0	0
11506_fr3	0	1	0	0	0	0	0	0	0	0	6	9	0	0	0	0	10	0	0	0	0	0	0	0	0	0	0	0	0	0	0	0	0	0	0	0	0	0	0	0
11694_fr6	0	0	0	5	0	0	0	0	0	0	0	0	0	4	0	0	0	0	0	0	0	0	0	0	0	0	0	0	3	0	0	0	0	0	0	0	0	0	0	2
11705_fr4	0	0	0	0	0	0	0	2	4	4	0	0	0	0	0	0	0	0	0	0	0	0	0	0	0	0	0	0	0	0	0	6	0	0	0	0	0	0	0	0
11710_fr5	0	1	0	1	0	7	9	0	0	0	0	0	0	0	0	0	0	0	0	6	0	0	0	0	1	0	0	0	0	0	0	2	1	2	0	0	3	2	4	0
11717_fr4	0	0	0	2	8	0	0	2	2	3	0	0	0	4	0	0	0	1	4	0	0	1	2	0	0	1	1	0	2	1	1	2	2	1	2	0	12	2	0	4
12042_fr4	0	1	0	0	4	0	0	0	1	0	0	0	0	0	2	0	0	0	0	0	0	0	0	0	0	1	0	0	0	0	0	0	1	0	1	0	1	1	0	0
12316_fr3	0	1	0	0	0	1	0	1	1	2	0	0	0	0	0	0	0	0	0	0	0	1	0	0	0	0	0	0	0	0	2	2	0	4	0	2	2	0	0	0
12402_fr1	0	0	0	4	0	0	0	0	5	2	0	0	0	10	2	3	0	5	4	0	5	3	2	9	12	4	3	0	17	14	0	11	7	11	11	3	4	3	0	13
12497_fr5	0	2	6	0	1	0	0	0	0	0	0	0	0	0	0	0	0	2	0	0	0	0	0	0	0	0	0	0	0	0	0	0	0	0	0	1	0	0	0	0
12571_fr5	0	0	0	0	0	0	0	0	1	0	0	0	0	0	0	0	0	0	0	0	0	0	0	4	0	0	0	0	1	0	0	0	0	0	4	0	0	0	0	0
12612_fr4	0	0	0	0	0	0	0	0	0	0	0	0	0	0	0	0	0	0	0	0	0	0	0	2	0	0	0	0	9	0	0	0	0	0	8	0	0	0	0	0
12649_fr1	0	0	0	0	0	0	0	0	0	0	0	0	0	0	2	0	0	0	0	0	0	4	0	0	0	0	0	0	0	0	0	0	0	0	0	0	0	0	0	0
12681_fr4	0	1	1	0	0	1	3	0	0	1	0	0	4	0	0	5	7	0	0	0	0	2	1	0	4	1	2	0	2	4	3	4	2	3	4	1	3	0	3	0
12812_fr2	0	0	0	0	4	0	0	0	0	0	0	0	0	0	0	0	0	0	0	0	0	0	0	0	0	0	0	0	0	0	0	0	0	0	0	0	0	0	0	0
12901_fr5	0	0	0	0	0	4	7	0	0	0	0	0	0	0	0	0	0	0	0	4	0	0	0	0	0	0	0	0	0	0	0	0	0	0	0	0	0	1	0	0
12941_fr3	0	0	3	0	0	0	0	0	0	2	0	0	0	0	0	0	0	0	0	0	0	0	0	0	0	1	0	0	2	0	0	0	2	0	1	0	1	0	0	0
13039_fr2	0	0	0	0	0	0	0	0	0	2	0	0	0	0	0	0	0	0	0	0	0	0	0	0	0	0	0	0	0	0	0	0	0	0	3	0	0	0	0	1
13141_fr2	0	0	0	1	0	0	0	0	1	0	0	0	0	0	0	0	0	0	0	0	0	0	0	0	0	0	0	1	0	0	0	0	0	3	1	0	2	0	0	2
13142_fr5	0	0	0	0	0	0	0	0	0	0	0	0	0	2	0	0	0	0	0	0	1	0	0	4	0	0	0	0	2	5	7	2	0	3	1	0	1	0	0	2
13187_fr6	0	3	0	0	0	0	0	0	0	0	0	4	0	0	0	1	0	1	0	0	0	0	6	0	0	0	0	1	3	1	1	2	0	3	0	0	0	0	0	2
13250_fr6	12	14	15	17	13	9	9	15	18	18	16	19	14	17	18	17	18	25	15	32	22	16	20	14	25	24	16	19	25	21	19	20	20	22	18	17	17	19	16	30
13503_fr3	0	0	0	0	0	0	0	0	0	0	0	0	0	0	0	0	0	0	0	0	0	0	0	0	0	0	0	0	0	0	0	0	0	0	0	0	0	0	0	4
13767_fr6	0	0	0	0	10	0	0	0	2	0	0	0	0	0	0	0	0	0	0	0	0	0	0	1	0	0	0	0	0	0	0	0	1	0	0	1	1	0	0	0
13781_fr3	0	0	0	0	0	0	0	1	0	0	3	2	0	2	0	0	0	0	0	6	0	0	0	0	4	0	0	6	4	4	3	0	4	1	2	0	3	1	0	0
13849_fr2	0	0	0	0	0	0	0	0	0	2	6	0	0	0	0	0	0	0	0	0	0	0	0	0	0	0	0	0	0	0	0	0	4	0	5	0	0	5	0	0
13974_fr6	0	0	0	0	2	0	0	3	0	0	0	0	0	0	0	0	0	0	0	0	0	0	0	0	0	0	0	0	0	0	0	0	0	0	0	0	0	0	0	3
14118_fr1	0	0	0	0	0	0	0	0	0	0	0	0	0	0	0	0	0	0	0	0	0	0	0	0	0	0	0	0	0	0	0	0	2	0	0	0	1	0	0	3
14181_fr4	0	0	0	0	0	0	0	0	0	0	0	2	2	0	0	0	2	0	0	0	0	0	0	0	0	0	0	0	0	0	0	0	0	0	0	0	0	0	0	0
14190_fr2	0	0	0	0	0	0	0	0	0	0	0	0	0	0	0	0	0	0	0	0	0	0	0	0	0	0	0	0	0	0	0	0	3	0	0	0	0	0	0	0
14232_fr3	2	4	4	6	0	2	2	4	0	0	3	5	5	4	5	2	5	2	4	2	3	6	0	5	8	4	5	6	3	6	2	2	2	0	4	3	4	5	7	0
14235_fr6	0	0	1	0	0	1	0	0	0	4	0	0	0	0	0	2	0	0	2	0	0	0	0	0	3	0	0	0	0	0	0	5	0	2	0	0	0	0	0	0
14258_fr1	0	0	0	0	0	0	0	0	0	0	0	0	0	0	0	0	0	0	0	0	0	0	0	0	0	0	0	0	0	1	0	0	0	4	0	2	2	0	0	0
14368_fr4	0	0	0	0	0	0	0	0	0	0	0	0	0	0	0	0	0	0	0	0	0	0	0	0	0	0	0	0	0	0	0	0	0	4	0	0	0	0	0	4
14388_fr6	0	0	0	2	1	1	1	0	2	0	0	0	0	0	0	0	0	0	2	0	0	4	0	1	0	0	0	0	0	0	0	1	5	0	0	1	1	0	0	0
14404_fr1	34	31	29	45	31	34	22	31	51	23	33	31	31	40	39	41	36	32	35	36	39	35	43	58	40	34	46	45	38	39	52	49	39	39	37	43	49	42	47	30
14446_fr6	0	0	0	0	0	0	0	0	0	0	0	0	0	0	0	0	0	0	0	0	0	0	0	0	0	2	0	0	0	0	0	1	0	0	0	0	0	0	0	0
14451_fr4	0	0	0	0	0	0	2	0	0	0	0	0	0	0	0	0	0	0	0	0	0	0	0	0	0	0	0	0	0	0	0	0	0	0	0	0	0	0	0	0
14454_fr5	2	2	0	2	2	0	0	0	0	0	2	0	0	0	3	0	0	0	1	4	0	0	0	0	2	0	0	0	0	0	3	1	0	1	0	0	1	0	0	0
14545_fr1	0	5	2	0	2	2	0	2	2	0	0	0	0	4	3	1	0	4	0	0	3	4	6	5	6	2	2	4	7	2	2	0	0	0	2	0	0	0	0	0
14580_fr6	0	0	0	0	0	0	0	0	0	0	0	0	0	0	0	0	0	0	0	0	0	0	0	0	0	0	0	0	0	0	0	1	0	0	0	3	0	0	0	2
14600_fr1	0	0	0	1	0	0	0	0	0	0	0	0	0	0	0	0	0	0	0	2	0	0	0	0	0	0	0	0	0	0	0	0	0	0	0	0	0	3	0	0
15282_fr3	0	0	0	0	0	0	0	0	0	0	0	9	12	0	0	0	0	0	0	0	0	0	0	7	2	0	0	0	0	1	0	0	0	0	2	0	0	2	2	1
15561_fr1	0	0	0	0	0	0	2	0	0	1	2	0	2	1	1	0	0	0	0	1	0	1	1	0	0	6	1	2	3	0	1	0	6	1	1	3	1	1	0	8
16143_fr4	0	0	0	0	0	0	0	0	0	0	0	0	0	0	0	0	0	0	0	0	0	0	0	0	0	0	0	0	0	0	0	0	0	0	0	0	0	0	0	7
16167_fr2	2	2	1	2	4	2	2	2	3	2	2	2	2	2	2	2	2	2	2	2	2	2	2	2	2	2	2	2	3	1	2	2	7	2	2	2	2	2	2	2
16199_fr5	0	0	0	0	0	0	0	0	0	0	2	2	2	0	0	1	2	1	0	0	0	0	1	2	1	0	0	0	0	1	0	0	4	2	0	0	0	2	1	2
16696_fr1	4	3	4	3	4	2	0	2	1	2	3	2	0	0	4	2	4	3	4	0	2	2	0	2	2	2	2	3	3	3	2	2	2	2	3	2	2	2	0	0
16972_fr2	8	2	12	13	12	10	0	9	9	10	8	8	11	6	13	8	9	12	10	9	13	13	0	0	16	12	10	11	9	8	10	11	14	2	12	11	13	15	5	11
17029_fr2	0	0	0	0	0	0	0	5	0	1	0	0	0	0	0	0	0	0	0	6	0	0	0	0	0	0	0	3	0	0	0	0	0	0	5	0	0	2	0	0
17091_fr1	0	0	0	0	0	0	0	0	0	0	0	0	0	0	0	0	0	0	0	0	0	0	0	0	0	0	0	0	4	0	0	0	0	0	0	0	0	0	0	0
17127_fr3	0	0	7	1	2	7	0	2	0	2	0	0	0	0	2	0	1	0	0	2	2	2	0	0	2	2	6	0	1	0	0	1	2	2	0	2	2	0	0	0
17207_fr1	0	0	0	0	0	0	0	0	1	6	0	0	0	0	0	0	0	4	0	2	0	0	3	0	0	0	0	1	0	0	0	0	0	0	0	1	0	0	0	4
17423_fr2	0	0	0	1	5	0	0	0	1	4	0	0	2	0	0	0	0	0	0	0	0	0	0	0	0	5	0	0	0	0	2	0	0	0	0	0	0	0	1	0
17884_fr3	2	2	2	6	0	0	0	0	5	7	5	5	3	2	0	1	8	0	1	2	9	5	2	2	1	9	6	2	2	0	5	10	8	11	8	5	7	6	0	9
17967_fr6	0	0	0	0	0	0	0	0	0	3	0	0	0	0	0	0	0	0	0	0	0	0	0	0	0	0	0	0	0	0	0	0	0	0	0	0	0	0	0	0
18200_fr5	0	0	0	0	0	2	0	0	0	0	0	0	0	0	0	0	0	0	0	0	0	0	0	0	0	0	0	0	0	0	0	0	0	0	0	0	0	0	0	0
18211_fr2	0	0	0	0	0	0	0	0	0	0	0	0	0	0	0	0	0	0	0	0	0	0	0	0	0	0	0	0	1	0	0	0	0	0	0	0	0	0	0	3
18437_fr1	0	0	0	0	1	0	0	0	0	0	0	0	0	0	0	0	0	2	0	0	0	0	0	0	0	2	0	0	0	0	0	0	0	0	0	0	0	0	0	0
18473_fr2	0	0	1	0	0	0	0	0	0	4	0	0	0	0	2	0	0	0	0	0	0	1	0	0	0	0	1	0	0	0	0	0	1	0	4	3	0	1	0	0
18500_fr3	0	0	0	0	0	0	0	0	0	0	0	0	0	0	0	0	0	0	0	0	0	0	0	0	0	0	0	0	0	0	0	0	0	0	0	0	0	0	0	8
19138_fr4	0	2	0	0	0	3	3	0	0	0	0	0	0	0	0	0	0	0	0	2	0	0	0	0	0	0	0	0	0	0	0	0	0	0	0	0	0	1	1	0
19196_fr3	0	0	0	2	2	0	0	2	1	2	3	1	3	0	3	0	3	1	1	0	1	1	2	0	0	0	2	2	1	2	4	1	0	2	1	1	2	1	3	0
19552_fr2	0	0	0	0	0	0	0	0	0	0	0	0	0	0	0	0	0	0	0	0	0	0	0	0	5	0	0	0	0	0	0	0	0	0	0	0	0	0	0	0
19701_fr2	0	0	0	0	0	0	0	0	0	0	0	0	0	0	0	0	0	0	0	0	0	0	0	0	0	0	0	0	4	0	0	0	0	0	0	0	0	0	0	0
19703_fr4	0	0	0	0	0	3	0	0	0	0	0	0	0	0	0	0	0	0	0	0	0	0	0	0	0	0	0	0	0	0	0	0	0	0	0	0	0	0	0	0
19757_fr6	3	0	0	0	7	0	0	0	0	0	2	0	0	0	0	0	0	2	0	0	0	0	0	0	0	0	0	0	0	0	0	0	0	0	0	0	0	0	0	0
19763_fr6	0	0	0	0	0	0	0	0	8	0	0	0	0	0	0	0	0	0	0	0	0	1	1	0	0	0	0	0	0	0	0	0	0	0	0	0	0	0	0	0
19775_fr1	0	0	0	0	0	0	0	0	2	2	0	0	0	0	0	0	0	0	0	0	0	0	1	0	0	0	0	0	0	0	0	0	0	0	0	0	0	0	0	0
20187_fr5	2	0	4	3	6	0	0	0	4	0	0	2	2	0	0	0	0	4	0	0	0	0	0	0	4	0	0	0	5	2	0	0	0	0	0	5	0	0	0	0
20335_fr3	6	0	0	7	2	2	1	10	11	6	5	4	8	2	2	5	4	4	5	5	5	4	5	4	0	5	4	6	4	6	11	5	3	6	0	6	0	3	5	0
20596_fr2	0	0	0	0	0	0	0	0	0	0	0	0	0	0	0	1	0	0	0	0	17	0	1	0	1	0	0	0	1	0	2	1	0	2	1	0	0	0	14	1
20915_fr6	0	0	0	0	0	0	0	0	0	0	0	0	0	0	0	0	0	0	0	0	0	0	0	0	0	0	0	0	0	0	0	3	0	0	0	0	0	0	0	0
20974_fr4	1	0	0	0	0	0	0	0	1	3	3	0	0	3	0	3	0	0	0	0	0	1	0	0	1	0	0	0	3	2	0	0	0	4	0	0	0	0	0	2
20975_fr4	0	0	0	9	2	1	3	3	0	0	1	4	4	18	7	1	6	0	3	1	1	2	0	22	13	2	4	9	0	13	3	5	2	2	2	1	7	12	10	3
20978_fr3	0	0	0	0	0	0	0	0	0	0	2	3	0	2	0	0	0	1	0	0	1	0	0	7	1	2	0	1	6	4	2	3	4	0	2	1	4	3	0	3
21030_fr6	0	0	0	0	6	0	0	0	0	0	0	0	0	0	0	0	0	0	0	0	0	0	0	0	0	0	0	0	0	0	0	0	0	0	0	0	0	0	0	2
21251_fr1	0	0	0	6	0	0	5	0	2	0	4	0	2	4	0	3	0	0	5	10	11	0	6	6	0	0	0	0	0	0	4	4	0	5	0	8	0	0	0	0
21264_fr5	0	0	0	0	0	0	0	0	0	0	0	0	0	0	0	0	0	0	0	0	0	0	0	0	0	0	0	0	3	0	0	2	0	0	0	0	0	0	0	1
21346_fr2	0	0	0	0	2	0	0	0	0	2	0	0	0	0	0	0	0	0	0	0	0	0	0	0	0	0	0	0	0	0	0	0	0	0	0	0	4	0	0	3
21424_fr5	0	0	1	2	4	0	0	0	17	8	1	0	6	2	2	11	1	2	2	9	3	10	3	4	9	4	8	1	3	9	1	1	2	5	4	13	12	3	1	3
21529_fr6	0	0	0	2	2	0	0	1	0	2	0	0	0	2	0	0	0	0	0	1	2	2	0	2	9	2	0	0	10	5	0	3	3	7	3	0	2	8	1	12
21564_fr6	0	0	0	0	0	0	0	0	4	0	0	0	0	3	0	0	0	0	0	0	0	0	0	0	4	0	0	0	0	4	0	0	0	3	0	0	2	0	0	0
21834_fr4	0	0	0	0	0	2	0	0	5	1	0	0	2	0	0	0	0	3	0	0	1	3	0	0	0	6	0	0	1	0	0	4	3	0	0	5	0	0	0	2
22004_fr1	0	0	0	0	0	0	0	0	0	0	0	0	0	0	0	0	0	0	0	0	0	0	0	4	0	0	0	0	0	0	0	0	0	0	0	0	0	0	0	0
22232_fr3	0	0	0	2	0	0	0	0	0	2	0	0	0	0	0	0	0	0	0	0	0	0	0	0	0	0	0	0	0	0	0	0	0	0	0	0	0	0	0	0
22255_fr2	6	12	10	8	11	9	8	18	2	9	9	17	13	8	11	13	14	10	13	14	11	26	19	10	12	17	33	12	25	12	7	16	8	7	11	14	9	11	18	5
22261_fr6	0	0	0	0	0	0	0	0	0	0	0	0	0	0	2	3	2	0	0	0	2	0	0	0	0	0	0	0	0	0	2	0	0	0	0	0	2	0	0	0
22266_fr2	0	1	0	1	0	0	0	0	0	0	0	1	2	2	0	6	3	0	2	0	1	0	0	6	1	0	0	0	0	2	0	0	0	0	0	0	0	0	0	0
22690_fr6	4	4	2	3	4	0	0	0	2	5	0	3	4	2	3	0	0	5	0	0	2	2	0	0	4	6	0	0	4	2	0	5	7	0	4	0	2	2	2	0
23125_fr3	0	0	0	0	0	0	0	1	0	0	0	3	1	2	0	0	4	0	0	0	0	0	0	28	14	0	0	2	2	21	0	3	1	3	3	0	22	0	0	1
23132_fr4	0	0	3	0	0	0	0	0	0	4	0	0	0	0	1	0	0	0	0	0	0	4	0	0	0	0	0	0	3	0	0	4	4	0	0	0	0	1	0	0
23321_fr2	2	4	2	0	0	0	0	2	0	0	0	0	0	0	2	0	0	2	0	0	0	0	0	0	0	2	2	2	0	0	2	2	2	2	0	2	2	0	0	0
23340_fr1	0	0	0	0	0	0	0	0	0	0	1	0	0	0	0	0	0	0	0	0	0	0	0	0	0	0	3	0	0	0	0	0	0	0	0	0	0	0	0	0
23428_fr4	5	4	5	8	3	2	0	6	2	4	0	0	0	0	2	2	0	0	2	2	8	13	2	0	11	9	9	1	13	2	0	2	3	5	2	0	1	1	1	2
23593_fr2	0	2	0	1	2	0	0	0	0	0	0	0	0	1	0	1	0	1	0	0	0	0	0	0	2	0	0	1	2	0	0	0	0	2	0	0	1	0	0	2
23819_fr5	0	0	0	0	0	4	0	0	0	0	0	0	0	0	0	0	0	0	0	0	0	0	0	0	0	0	0	0	0	0	0	0	0	0	0	0	0	0	0	0
23928_fr5	0	0	0	0	1	0	0	0	1	3	0	3	0	2	0	2	0	0	2	0	2	4	8	2	3	0	1	2	11	0	0	4	0	3	2	0	2	0	0	2
24066_fr3	1	2	2	0	1	2	2	2	5	0	0	0	0	0	2	4	0	0	0	0	0	2	0	2	0	0	5	0	5	0	0	0	0	0	0	4	0	0	0	0
24285_fr5	0	0	0	0	0	0	0	0	0	1	0	0	0	0	0	0	0	0	0	0	0	0	0	1	1	0	0	0	0	0	0	0	0	0	0	0	0	0	0	0
24570_fr5	0	0	0	0	0	0	0	0	0	0	0	0	0	0	0	0	0	0	0	0	0	0	0	0	0	0	0	0	0	0	0	0	5	0	0	0	0	0	0	0
24672_fr2	0	0	0	0	0	0	0	0	0	0	0	0	0	0	0	0	0	0	0	0	0	0	0	0	0	0	0	0	0	0	3	0	0	0	0	0	0	0	0	0
24687_fr4	0	0	0	0	0	0	0	0	0	0	0	0	0	0	0	0	0	0	0	0	0	0	0	0	0	0	0	0	0	0	5	0	0	0	0	0	0	0	0	0
24754_fr2	0	0	0	0	0	0	0	0	0	0	0	0	0	0	0	0	0	0	0	0	0	0	0	0	0	0	0	5	0	0	0	0	0	0	0	0	0	0	0	0
24823_fr3	2	2	2	3	8	4	0	2	7	8	4	4	4	7	4	4	0	4	6	4	4	4	6	0	4	4	1	4	4	10	0	7	9	4	7	7	5	8	0	9
24870_fr5	2	0	0	3	2	2	11	2	0	7	3	0	0	3	2	2	0	1	2	0	2	7	1	1	4	4	4	2	5	4	2	1	0	6	0	1	0	0	6	0
24960_fr1	0	0	0	0	2	0	0	2	0	2	0	0	0	0	0	0	0	0	0	0	0	2	2	0	0	2	2	0	2	2	0	1	1	0	0	2	0	0	0	1
25209_fr4	0	0	0	1	0	0	0	0	0	0	4	2	2	1	0	2	4	2	0	1	2	0	0	1	0	1	0	1	3	3	3	4	7	7	0	3	9	2	4	10
28400_fr1	0	0	0	0	0	0	0	0	0	0	0	0	0	0	0	0	0	0	0	0	0	2	0	0	4	5	0	0	0	0	0	1	0	0	0	0	0	0	0	0
28559_fr5	0	0	0	0	0	0	0	0	0	0	0	2	1	0	0	0	1	0	0	0	0	0	0	0	0	0	0	0	0	0	0	0	0	0	0	0	0	0	0	0
28819_fr4	0	0	0	0	0	0	0	0	0	0	0	2	2	0	0	0	2	0	1	0	0	0	0	2	0	0	0	0	0	1	0	0	0	0	0	0	0	0	0	0
29320_fr2	4	4	0	0	1	0	0	0	0	2	9	2	0	0	0	2	4	9	3	0	1	0	0	0	2	0	3	3	2	0	1	1	3	0	4	2	1	2	0	0
29593_fr4	2	0	0	0	0	0	0	3	0	0	1	0	0	0	0	0	0	0	0	1	4	0	0	0	0	0	0	0	0	0	0	0	2	0	0	0	0	0	0	0
29624_fr6	0	0	0	0	0	0	0	0	0	0	0	4	2	0	0	0	0	0	0	0	0	0	0	2	1	0	0	0	0	0	0	0	0	0	0	0	0	0	0	0
29874_fr6	4	5	3	1	3	0	0	3	2	7	8	6	3	5	5	2	0	1	0	0	4	3	0	4	9	4	6	6	6	5	2	5	7	5	9	0	4	5	0	5
30105_fr6	0	0	0	0	0	0	0	0	0	0	0	1	1	0	0	0	0	0	0	0	0	0	0	0	0	1	1	0	0	0	0	0	3	0	0	0	0	0	0	0
30189_fr3	0	0	0	0	0	6	6	0	0	0	0	0	0	0	0	0	0	0	0	0	0	0	0	0	0	0	0	0	0	0	0	0	0	0	0	0	0	0	3	0
30226_fr1	0	0	0	0	0	0	0	0	0	0	0	0	0	0	0	1	0	4	3	0	0	2	2	0	0	0	0	1	0	0	0	0	0	0	0	0	0	0	0	0
30247_fr5	13	2	3	14	6	11	11	10	14	6	11	5	1	10	8	12	9	3	10	8	11	10	11	12	3	2	5	10	8	10	11	12	9	11	8	12	3	11	10	11
30342_fr3	0	0	0	0	3	0	0	0	0	0	3	0	0	0	3	3	0	0	0	0	0	0	0	0	0	0	4	0	0	0	0	4	0	0	0	0	0	0	0	0
30353_fr4	0	0	0	0	0	0	0	0	0	4	0	0	0	0	4	0	0	0	0	0	0	0	0	0	0	0	0	0	0	0	0	0	0	0	0	0	3	0	0	0
30375_fr6	14	11	13	18	11	11	10	10	6	10	11	6	8	10	2	14	15	12	12	11	11	10	5	0	12	10	13	10	10	10	10	11	10	9	8	12	6	8	8	0
30378_fr1	0	0	0	1	0	0	1	0	6	2	3	0	1	0	1	0	0	1	0	0	0	0	0	0	0	0	0	0	3	1	3	0	3	3	1	5	6	3	3	5
30412_fr5	0	0	0	0	0	0	0	0	0	0	0	0	10	0	0	5	0	0	7	0	0	0	0	0	5	0	5	0	0	3	0	0	0	0	12	0	0	0	4	0
30449_fr6	3	18	0	5	0	1	0	0	2	1	0	6	5	7	3	2	10	1	6	0	2	1	2	9	3	2	2	0	0	5	0	0	1	0	4	0	3	5	4	6
30461_fr2	2	2	0	0	1	3	0	2	0	2	4	0	9	0	1	0	1	6	0	2	0	1	0	1	2	1	6	5	0	2	0	0	3	1	0	0	0	0	0	0
30505_fr4	3	3	4	0	4	0	0	4	3	0	0	3	2	0	3	0	0	0	0	0	3	0	0	0	4	4	2	0	0	0	0	0	2	0	0	0	0	0	0	0
30611_fr4	19	0	2	5	12	5	20	10	11	11	16	24	11	9	10	7	53	18	8	10	14	18	9	27	16	0	8	0	15	35	15	7	6	10	11	18	7	9	9	0
30701_fr6	0	0	0	0	0	0	0	0	0	0	0	0	0	0	0	0	0	0	0	0	2	0	0	0	0	0	0	0	0	0	3	0	0	0	0	0	0	0	0	0
30755_fr3	0	0	0	0	0	0	0	0	0	0	0	0	0	0	0	0	0	0	0	0	0	0	3	0	0	0	0	0	2	0	0	0	0	0	0	0	0	0	0	1
30770_fr5	0	2	0	0	0	0	0	0	0	0	0	0	0	2	0	0	0	0	3	0	0	0	0	0	0	0	0	0	0	0	0	0	0	0	0	0	0	0	0	0
30894_fr1	0	0	0	0	0	0	0	2	0	0	0	0	0	0	0	0	0	0	0	0	0	0	6	0	0	0	0	0	0	0	0	0	0	0	0	0	0	0	0	0
30921_fr3	5	7	7	6	4	5	3	8	0	0	3	7	8	4	6	4	6	5	8	4	6	4	5	8	8	5	5	7	6	7	6	8	7	4	7	5	7	8	5	4
30941_fr4	0	0	0	0	0	0	0	0	0	0	0	0	0	0	0	0	0	0	0	0	0	0	0	0	0	0	0	0	1	2	0	0	0	0	0	0	0	0	0	0
30942_fr6	0	0	0	0	0	0	0	0	0	0	0	0	0	2	0	0	0	0	0	0	0	0	0	0	0	3	0	1	2	0	1	3	0	5	3	0	0	0	0	2
31248_fr3	2	5	2	6	2	4	3	9	6	0	3	6	2	5	0	0	6	0	0	0	2	0	0	6	6	0	0	0	3	4	3	6	5	2	6	5	5	6	2	0
31263_fr6	0	0	0	0	0	0	6	0	0	0	0	0	0	0	0	0	0	0	0	0	0	0	0	0	0	0	0	0	0	0	0	0	0	0	0	0	0	0	0	0
31408_fr2	0	4	0	0	0	5	5	0	0	0	0	0	0	0	0	0	0	0	0	4	0	0	0	0	0	0	0	0	0	0	0	0	0	0	0	0	0	0	2	0
31805_fr5	0	0	0	0	0	0	0	0	2	0	0	0	0	0	0	0	0	0	0	0	0	0	0	0	0	0	0	0	0	0	4	0	0	0	0	0	0	0	0	0
31902_fr5	3	12	3	5	7	12	2	6	0	0	16	8	12	4	4	4	8	4	3	0	12	8	2	9	7	9	2	12	13	7	12	2	1	0	21	0	6	1	7	3
31948_fr3	0	0	2	0	0	0	0	0	0	0	0	4	2	3	0	0	4	0	4	0	0	0	0	4	2	0	1	4	0	2	0	4	0	0	0	0	4	1	0	1
31949_fr6	0	0	2	1	0	0	0	2	2	0	3	3	2	3	2	2	17	0	2	0	2	2	2	11	3	8	2	2	2	2	2	2	2	2	2	2	5	2	2	0
32111_fr5	0	0	0	0	0	0	2	0	0	3	0	0	0	0	0	0	0	0	0	0	0	2	0	0	0	1	0	0	0	0	0	0	1	0	0	0	0	0	2	0
32234_fr1	0	1	2	2	0	0	0	0	0	1	4	0	0	0	2	0	0	0	0	1	2	2	2	0	2	2	2	2	2	5	4	2	0	2	2	2	4	5	2	0
32861_fr4	0	0	0	2	0	0	0	0	2	2	2	4	2	5	2	2	2	3	0	6	2	1	2	1	2	1	2	1	4	2	2	2	0	4	5	1	2	4	2	3
33679_fr3	0	0	2	0	0	0	0	4	2	0	2	2	0	2	1	0	2	0	1	0	2	2	0	5	2	2	2	2	3	2	0	2	0	0	2	2	0	0	0	0
33874_fr1	0	0	0	0	0	0	0	0	0	0	0	0	0	0	0	0	0	0	0	0	0	0	0	0	0	0	0	0	0	0	0	0	0	0	0	0	0	0	0	5
34079_fr5	11	17	9	13	5	2	14	12	3	3	13	4	4	16	8	6	18	11	13	5	11	6	4	0	11	4	13	12	8	14	12	10	10	7	12	6	12	10	14	2
34103_fr4	0	0	0	0	0	6	8	0	0	0	0	0	0	0	0	0	0	0	0	0	0	0	0	0	0	0	0	0	0	0	0	0	0	0	0	0	0	0	0	0
34262_fr3	0	0	0	0	3	0	0	0	0	0	0	0	0	0	0	0	0	0	0	4	0	0	0	0	0	0	0	0	0	0	0	0	0	0	0	0	0	0	0	0
34339_fr5	2	0	0	3	0	2	2	3	4	0	2	0	3	0	0	0	0	0	2	0	3	0	2	4	0	2	2	3	2	4	4	0	3	3	4	4	0	4	3	2
34845_fr5	8	7	7	9	11	7	0	8	9	16	6	6	11	9	17	5	4	8	8	0	8	10	2	6	10	7	7	5	10	2	5	10	12	11	15	10	14	13	5	13
34912_fr1	2	4	2	0	4	0	0	0	0	0	6	6	6	6	6	0	2	0	0	0	0	2	2	0	1	6	6	0	2	0	0	6	6	0	6	2	6	6	0	0
35422_fr5	0	1	0	5	2	0	0	6	0	0	0	0	0	2	0	0	0	0	0	0	0	0	0	0	8	3	2	0	7	1	0	0	5	4	0	0	5	0	0	0
35708_fr5	0	0	0	0	0	0	6	0	0	0	0	0	0	0	0	0	0	0	0	0	0	0	0	0	0	0	0	0	0	0	0	0	0	0	0	0	0	0	0	0
35858_fr6	0	1	0	5	4	1	0	2	0	0	0	0	1	4	0	0	5	0	0	9	0	0	0	0	0	0	1	0	0	0	0	0	0	0	1	0	0	3	6	1
36242_fr3	1	0	0	18	1	0	3	1	18	4	19	14	2	9	14	13	13	7	9	11	1	15	7	18	7	5	6	16	18	16	19	20	17	22	15	9	9	13	0	17
36277_fr4	0	0	0	0	1	6	0	0	1	7	0	0	0	0	0	0	0	0	0	0	0	0	0	0	0	0	0	0	0	0	0	0	0	0	0	0	0	1	0	0
37031_fr3	0	2	0	0	0	1	2	0	0	0	0	0	0	0	0	0	0	0	0	4	0	0	0	0	0	0	0	0	0	0	4	0	0	0	0	0	0	4	4	0
37255_fr2	0	7	14	11	0	0	0	1	0	1	0	1	0	0	0	0	0	1	0	2	11	1	0	0	12	0	7	9	1	15	12	2	2	0	1	9	2	2	0	6
37276_fr6	27	27	20	45	30	23	39	21	23	24	35	46	26	34	36	28	84	25	43	20	29	15	16	49	30	35	23	26	37	39	25	26	23	26	36	15	48	34	33	6
37308_fr2	0	0	0	0	0	0	0	0	0	0	0	0	0	0	0	0	0	0	0	0	0	0	0	0	0	7	0	8	0	0	0	0	0	0	0	0	0	0	0	0
37338_fr3	0	0	0	0	0	0	0	0	0	0	0	0	0	0	0	0	0	0	0	0	0	0	0	0	12	0	0	0	9	8	0	0	0	0	0	0	0	0	0	0
37670_fr4	0	0	0	0	0	0	0	0	4	0	0	0	0	2	0	0	0	0	0	0	0	0	0	0	0	2	3	3	3	4	3	0	2	0	4	3	0	0	0	0
38110_fr6	0	0	0	0	0	0	0	0	0	5	0	0	0	0	0	0	0	0	0	0	0	0	3	0	0	0	0	0	0	0	0	0	0	0	0	0	0	0	0	6
38283_fr1	2	5	0	4	0	8	9	0	0	0	0	0	0	0	0	0	0	2	3	7	0	0	0	0	0	0	0	0	0	0	6	0	0	0	0	0	0	7	9	0
38421_fr6	0	0	0	0	0	0	0	0	0	0	0	0	0	0	0	0	0	5	3	0	0	0	0	0	0	0	0	0	0	0	0	0	0	0	0	0	0	0	0	0
38577_fr6	2	2	2	2	2	0	0	2	1	3	2	1	0	2	2	2	2	4	5	0	4	4	8	1	4	4	4	3	2	2	2	3	2	4	3	2	4	2	0	4
39162_fr2	0	0	1	1	0	0	0	0	4	3	0	0	0	1	0	0	0	6	1	0	2	16	0	0	4	10	7	2	2	5	2	4	2	5	9	3	2	7	0	2
40028_fr4	3	0	3	7	5	0	0	5	23	9	7	2	5	3	0	0	4	8	5	0	3	6	3	9	9	4	11	8	9	8	13	12	11	8	12	15	14	6	2	3
40034_fr6	0	0	0	3	0	0	0	0	1	2	14	0	1	0	0	2	1	0	2	3	0	0	1	4	0	0	0	0	4	0	3	0	0	2	0	1	0	0	4	0
40069_fr2	0	0	0	0	0	0	4	0	0	0	0	0	0	0	0	0	0	0	0	0	0	0	0	0	0	0	0	0	0	0	0	0	0	0	0	0	0	0	0	0
40095_fr4	0	0	0	0	0	0	0	0	0	0	0	0	0	0	0	0	0	0	0	0	0	0	4	0	0	0	0	0	0	0	0	0	0	0	0	0	0	0	0	5
40218_fr2	0	0	0	0	0	0	0	0	0	0	2	0	0	0	0	0	0	2	0	0	2	2	0	0	2	5	4	0	0	0	0	0	0	0	0	2	2	3	0	0
40293_fr4	1	13	12	19	2	17	5	17	1	0	3	35	32	26	22	18	13	4	22	0	24	4	1	45	30	15	20	16	7	11	0	21	16	13	33	2	24	24	27	0
41027_fr6	2	2	2	4	1	1	3	0	0	0	3	0	2	0	2	2	3	2	2	6	1	2	0	0	2	1	2	2	0	2	3	2	0	2	0	0	2	2	2	0
41268_fr3	0	0	0	0	0	0	0	0	0	0	0	0	0	0	0	0	0	0	0	0	0	0	0	0	0	0	0	0	0	0	3	0	0	0	0	0	0	0	5	0
41306_fr4	0	0	0	0	0	0	0	0	0	0	0	2	2	1	2	0	3	0	2	0	2	1	0	4	2	2	1	2	0	2	0	1	1	0	2	0	0	2	2	0
41523_fr3	8	4	0	4	6	0	7	8	6	5	10	7	6	8	4	4	4	5	4	4	2	6	2	10	4	8	8	2	9	11	5	4	13	6	4	3	6	6	6	6
41589_fr6	0	2	0	0	0	0	0	0	0	0	0	0	0	0	0	0	0	0	0	0	0	0	0	0	0	0	0	0	0	0	0	0	0	0	0	0	0	0	0	0
41933_fr1	0	0	1	1	0	0	0	0	0	0	3	1	1	0	11	2	4	0	2	0	0	2	0	12	2	1	1	2	1	1	0	1	4	0	1	1	0	2	3	0
41969_fr5	2	3	6	3	3	4	2	9	2	2	0	4	5	3	5	2	6	2	4	0	3	0	2	8	3	0	1	0	2	5	2	0	2	2	2	2	1	3	4	0
42134_fr4	0	0	0	0	9	0	0	0	0	0	0	0	0	0	0	0	0	0	0	0	0	0	0	0	0	0	0	0	0	0	0	0	0	0	0	0	0	0	0	0
42143_fr3	0	2	7	0	0	0	0	0	0	0	0	0	0	0	0	0	0	0	0	0	0	0	0	0	0	0	0	0	0	2	0	0	0	0	0	0	0	0	0	0
42149_fr5	0	0	0	0	0	0	0	0	0	0	0	0	0	0	0	0	0	0	0	1	0	0	0	0	0	0	0	0	0	0	0	0	0	0	0	0	0	0	3	0
42297_fr5	0	0	0	0	0	0	0	0	0	0	0	0	0	0	0	0	0	0	0	0	0	0	0	0	0	0	0	0	0	0	0	0	0	0	0	0	0	0	0	5
42924_fr4	0	0	0	0	0	0	0	10	0	0	0	0	0	0	0	0	0	0	0	0	0	0	0	0	0	0	0	0	0	0	0	0	0	0	5	0	0	0	0	0
42986_fr5	0	0	0	2	0	4	5	0	0	0	0	0	0	0	0	0	0	0	0	2	0	0	0	0	0	0	0	0	0	0	2	2	0	0	0	0	0	3	2	0
43139_fr5	0	0	0	4	0	0	1	0	0	2	2	0	0	2	0	1	0	0	1	3	0	1	1	2	2	0	0	0	3	3	1	0	0	2	1	1	1	0	0	1
43172_fr6	0	0	0	0	2	0	0	0	0	0	0	0	0	0	0	0	0	0	0	0	0	0	0	0	0	0	0	0	0	0	0	0	1	0	0	2	0	2	0	1
43196_fr6	0	0	0	1	0	0	0	0	3	1	1	0	0	0	0	0	0	0	0	0	0	0	0	2	1	0	2	0	1	0	0	1	2	1	0	2	1	0	0	0
43527_fr5	0	0	2	2	8	8	2	0	8	2	0	0	0	0	0	0	0	0	0	0	0	0	0	0	0	0	0	0	0	0	0	0	0	0	0	0	0	0	0	0
43633_fr6	0	0	0	0	0	0	0	0	0	0	0	0	0	0	0	0	0	0	0	0	0	0	0	0	0	0	0	0	0	0	0	0	0	0	0	0	0	0	4	0
43739_fr3	0	0	0	0	0	0	0	0	0	0	0	3	0	0	0	0	1	0	0	0	0	0	0	0	2	0	0	0	0	0	0	0	0	0	0	0	0	0	0	0
43912_fr3	0	0	0	0	0	0	0	0	6	0	0	0	0	0	0	0	0	0	0	0	3	3	7	0	0	1	0	4	5	1	0	0	0	0	0	0	0	0	0	4
43914_fr2	0	1	1	0	2	0	0	0	0	0	0	0	2	0	2	0	0	0	3	2	0	0	0	0	0	0	0	0	0	1	0	0	2	0	4	0	0	0	0	0
43974_fr2	0	2	0	0	0	0	0	0	0	0	0	0	0	0	0	0	0	0	0	0	0	1	0	1	0	0	0	0	0	0	0	1	0	1	0	0	2	0	0	3
44126_fr2	0	0	1	0	0	0	2	0	0	0	1	1	0	2	0	0	4	0	0	0	1	0	0	2	2	0	0	0	0	0	0	0	0	1	7	0	2	2	0	0
44177_fr5	0	0	2	0	1	0	0	0	0	0	0	0	0	0	0	0	0	1	0	0	0	0	3	0	0	4	2	0	0	0	0	1	0	0	0	3	3	0	0	3
44186_fr4	0	0	0	0	0	0	0	2	0	0	0	0	0	0	0	0	0	0	0	3	2	0	0	0	0	0	0	5	0	2	0	0	0	4	3	0	2	0	2	0
44277_fr2	0	0	0	0	0	0	0	0	0	0	0	0	0	0	0	0	0	0	0	0	0	0	0	0	0	0	0	0	0	0	0	0	0	0	0	0	0	0	0	4
44380_fr1	0	0	0	0	0	4	2	0	0	0	0	0	0	0	0	0	0	0	0	2	0	0	0	0	0	0	0	0	0	0	0	0	0	0	0	0	0	0	0	0
44466_fr3	4	2	2	0	2	0	0	0	0	0	0	3	0	2	2	0	0	0	2	0	0	0	6	0	2	4	0	0	3	0	0	0	0	0	3	0	3	0	0	2
44520_fr6	0	0	0	4	0	2	6	0	8	5	6	0	8	0	0	2	2	5	0	6	0	4	0	1	0	0	4	0	0	0	5	3	11	6	0	4	0	2	0	0
45104_fr3	0	0	0	0	0	0	0	0	0	0	1	2	2	4	3	1	2	0	1	0	0	0	1	2	0	2	2	1	1	1	0	0	2	0	0	6	0	1	1	0
45221_fr1	0	1	0	0	0	2	0	0	0	0	0	0	0	0	0	0	0	0	0	0	0	0	0	0	0	0	0	0	0	0	0	0	0	0	0	0	0	0	0	0
45258_fr3	0	0	0	0	0	0	0	0	0	0	2	0	3	0	0	1	3	0	0	0	0	0	3	3	2	0	0	2	2	4	0	2	0	0	0	0	0	2	2	2
45331_fr1	0	0	0	0	0	0	0	0	0	0	0	2	4	0	0	0	0	0	0	0	3	0	0	2	0	0	0	0	0	0	0	2	0	0	1	0	0	0	2	6
45375_fr4	0	0	0	0	4	5	0	5	6	2	0	0	0	2	0	0	0	0	0	0	2	6	0	0	5	2	0	3	5	5	0	2	2	2	3	2	2	2	0	0
45519_fr4	0	0	0	0	0	0	0	0	2	0	0	0	0	1	0	5	0	0	0	0	2	2	2	0	1	6	0	0	2	4	0	0	0	2	0	0	0	0	0	0
45660_fr2	2	3	0	7	0	0	0	0	0	0	1	0	0	0	0	0	0	0	0	0	0	1	0	0	0	0	2	0	0	2	0	5	0	0	0	0	3	0	1	0
45864_fr1	0	0	0	0	7	0	0	0	0	0	0	0	0	0	0	0	0	0	0	0	0	0	0	0	0	0	0	0	0	0	0	0	0	0	0	0	0	0	0	0
46083_fr3	3	0	1	5	0	0	0	1	0	2	8	8	1	4	8	3	16	6	1	5	6	5	4	13	2	3	2	5	7	1	9	9	6	11	2	1	7	8	0	4
46249_fr5	4	2	0	0	1	0	5	0	1	5	0	2	0	1	2	0	0	0	0	2	0	0	0	0	0	0	0	3	0	0	0	0	2	3	0	0	3	0	0	0
46252_fr2	2	8	0	0	0	5	0	2	0	0	0	5	0	5	3	1	0	4	5	0	6	7	6	8	5	0	4	7	7	4	0	6	0	8	2	0	6	0	0	8
46326_fr4	2	0	2	2	0	2	2	0	0	0	2	2	0	2	2	1	3	2	1	0	2	0	2	5	2	3	0	2	2	0	3	4	2	2	2	4	0	2	4	2
46501_fr6	2	2	0	5	0	4	8	0	0	0	2	0	0	0	3	0	0	0	0	7	0	0	0	0	0	0	0	0	0	0	7	4	0	4	0	0	0	4	8	0
46934_fr2	0	0	0	0	0	0	0	0	0	0	0	0	0	0	0	0	0	0	0	0	0	0	0	0	0	0	0	0	4	0	0	0	0	0	0	0	0	0	0	0
47272_fr2	0	0	0	3	0	2	6	0	0	0	0	0	0	0	0	0	0	0	0	0	0	0	0	0	0	0	0	0	0	0	5	0	0	0	0	0	0	0	0	0
47294_fr1	12	14	11	20	15	12	5	13	10	10	2	9	2	11	9	3	6	12	9	9	5	10	5	10	7	15	1	9	12	9	8	11	14	10	14	14	15	15	3	17
47342_fr2	0	3	3	0	3	0	0	4	0	0	3	0	0	0	0	6	0	1	4	0	0	0	2	0	0	2	0	0	0	0	0	0	0	0	0	0	0	0	0	0
47389_fr4	0	0	0	0	0	0	0	0	0	0	0	0	0	0	0	0	2	0	0	0	0	0	1	0	0	0	2	0	0	0	0	0	0	0	0	0	0	0	0	0
47479_fr5	0	4	1	0	2	1	1	0	0	2	2	2	0	1	0	0	0	0	0	0	1	8	0	1	1	0	2	1	0	1	0	3	2	0	0	0	0	0	1	2
47680_fr4	4	2	0	9	2	3	4	1	1	1	2	1	0	1	1	2	1	3	2	2	2	2	10	2	8	1	2	2	9	2	2	1	1	1	1	2	2	1	3	2
47690_fr4	0	0	0	0	0	1	0	0	0	0	0	0	0	2	0	4	0	0	1	0	0	0	0	0	0	0	0	0	0	0	0	0	0	0	0	0	0	0	0	0
47886_fr2	0	0	0	2	0	0	0	1	1	0	0	0	1	1	0	0	0	0	0	0	0	1	0	2	1	1	12	0	1	0	0	0	0	0	1	0	0	0	2	0
47943_fr4	2	2	2	3	3	0	0	3	4	3	3	0	1	0	2	0	1	2	1	2	2	5	0	0	4	3	6	3	4	0	1	2	4	2	4	3	4	5	0	0
47948_fr6	5	6	4	4	3	6	9	6	4	8	5	0	0	0	0	5	4	4	7	10	5	4	0	0	0	4	4	4	0	4	6	0	0	0	0	5	0	0	5	0
47963_fr2	0	0	0	0	0	0	0	0	0	0	0	0	2	0	0	0	0	0	0	0	0	2	0	0	0	0	2	0	0	2	0	0	0	0	0	0	4	0	0	0
47965_fr6	3	2	2	0	5	3	3	2	0	0	3	2	2	2	3	2	3	3	2	3	2	2	4	3	3	2	4	3	3	2	3	3	4	2	2	3	2	3	3	3
47988_fr6	0	0	0	0	0	0	0	0	0	0	0	0	2	0	0	0	0	0	0	2	0	0	0	0	0	0	0	0	1	0	0	0	0	1	0	1	0	0	0	0
48103_fr2	0	0	0	1	0	0	1	0	11	0	0	0	0	1	0	1	0	0	1	2	1	0	1	0	1	0	0	0	0	0	1	0	0	3	0	0	0	0	0	0
48166_fr4	3	0	0	6	0	0	0	0	0	0	7	0	2	3	0	0	0	0	5	0	4	0	0	2	0	0	0	0	0	0	0	0	0	5	4	6	0	0	5	0
48222_fr4	0	0	0	0	0	0	0	0	0	0	0	1	0	5	4	5	5	0	0	0	0	6	0	5	0	1	6	0	0	5	6	0	6	0	4	5	6	0	0	6
48266_fr3	2	3	0	2	0	2	2	1	3	3	4	2	2	2	3	2	3	1	3	5	2	3	3	2	2	2	1	1	1	2	6	6	2	4	2	4	4	3	2	2
48351_fr4	4	0	0	1	0	0	0	0	0	0	0	0	0	0	0	2	0	2	3	2	0	0	0	0	0	0	0	0	2	0	0	0	2	3	0	2	0	0	0	0
48484_fr2	0	0	0	0	0	2	2	0	7	0	0	3	0	0	4	6	3	3	0	1	1	4	3	0	2	0	3	6	2	0	4	5	4	0	0	0	7	7	1	7
48693_fr3	5	2	0	6	2	5	2	2	7	0	0	5	2	13	4	1	7	0	1	0	1	1	1	11	6	3	8	4	5	9	4	6	4	3	11	9	9	15	9	0
48741_fr3	12	3	2	0	4	13	5	7	6	13	5	0	6	0	0	0	0	4	6	15	6	0	0	0	0	0	0	4	0	0	0	7	0	9	0	2	0	4	6	1
48760_fr1	9	10	0	23	0	17	20	7	10	19	6	0	13	14	13	11	5	15	17	19	17	12	17	1	12	3	14	10	17	2	20	15	8	19	8	24	14	9	15	6
48770_fr4	0	0	1	0	0	0	0	0	0	0	0	0	0	0	0	0	0	0	4	0	0	0	0	0	0	0	0	0	0	0	0	0	0	0	0	2	0	0	0	0
48779_fr4	2	2	0	1	1	0	0	0	1	0	2	2	0	3	1	1	0	1	0	2	1	3	2	9	2	1	3	2	2	2	1	1	3	2	4	2	1	1	1	2
48828_fr2	2	2	2	0	2	2	2	2	2	2	0	3	2	0	3	0	2	2	2	2	2	2	2	6	2	2	2	2	2	2	2	2	1	2	2	2	2	2	2	2
48868_fr5	4	5	4	8	6	4	7	5	68	18	4	4	4	4	4	4	4	4	4	8	4	4	5	4	4	4	4	4	4	4	14	13	4	7	4	10	4	4	6	6
48876_fr6	0	0	0	0	0	0	0	1	1	0	0	0	0	0	0	0	0	1	1	0	0	1	0	0	2	0	0	1	1	0	0	0	1	2	2	2	3	0	0	0
48901_fr2	0	0	2	0	5	2	0	3	0	6	2	2	0	2	0	2	0	4	4	2	4	4	4	5	4	4	4	0	6	7	1	6	5	10	4	1	4	0	0	11
49126_fr2	0	0	0	4	0	0	0	1	2	0	4	3	1	5	2	4	1	0	0	0	2	0	1	5	1	0	1	0	2	2	4	1	2	2	0	0	2	2	2	0
49231_fr6	0	0	0	4	0	0	0	0	3	0	0	0	0	0	1	0	1	0	0	0	1	2	0	0	0	1	0	2	0	0	0	0	1	0	0	0	0	0	2	0
49244_fr3	0	0	0	4	0	0	0	0	5	7	0	3	3	0	0	0	2	2	0	2	8	4	2	1	10	0	3	4	6	0	4	7	5	2	5	6	6	1	13	6
49275_fr3	0	0	5	0	0	2	0	0	0	0	1	0	0	2	2	2	0	0	0	2	0	0	0	0	0	0	0	0	0	0	1	0	0	0	0	2	0	1	0	0
49276_fr4	3	1	0	7	1	4	9	1	28	3	5	0	0	0	0	0	15	2	4	8	7	1	2	2	0	1	5	1	4	5	7	6	0	3	1	5	4	2	1	1
49289_fr4	0	0	0	0	0	0	0	0	0	0	0	0	0	0	0	0	0	0	0	0	0	0	0	0	0	0	0	0	0	0	0	0	0	5	0	0	0	0	0	0
49678_fr2	0	0	0	0	0	9	4	0	0	0	0	0	0	0	5	0	0	0	4	10	0	0	0	0	0	0	0	0	0	0	8	0	0	0	0	0	0	4	6	0
49680_fr4	0	0	0	0	0	0	9	0	0	0	0	0	0	0	0	0	0	0	0	0	0	0	0	0	0	0	0	0	0	0	0	0	0	0	0	0	0	0	8	0
49809_fr1	0	0	0	0	0	0	0	0	0	0	0	0	0	0	0	0	0	0	0	0	0	0	0	0	0	0	0	0	0	0	0	0	0	0	0	0	0	7	0	0
50392_fr3	0	0	0	0	0	0	0	0	0	2	0	0	0	0	0	0	0	2	2	0	0	0	0	0	0	0	0	0	0	0	0	0	0	0	0	0	0	0	0	0
50412_fr1	0	0	0	0	0	0	2	1	0	0	0	0	0	0	0	0	0	0	0	0	0	0	0	0	0	0	0	0	0	0	2	0	1	0	0	0	0	0	0	0
50440_fr1	0	0	0	2	0	0	0	0	1	2	2	6	8	6	6	0	0	1	1	1	1	1	5	5	6	0	0	1	6	1	9	8	6	6	6	6	6	8	2	6
50566_fr5	0	0	0	0	0	0	0	0	2	0	0	0	0	2	0	0	0	4	0	0	0	3	5	0	0	2	0	0	0	2	0	0	0	0	0	0	0	0	0	0
50707_fr5	0	0	0	1	2	0	0	0	0	1	0	0	0	0	1	1	0	0	2	1	2	2	0	0	3	2	1	0	0	0	0	0	0	0	1	1	0	0	0	0
50923_fr1	0	0	0	0	0	0	0	0	4	0	0	0	1	0	0	0	0	0	0	0	0	0	0	0	0	5	0	0	0	0	2	0	0	0	0	0	0	4	0	6
51071_fr6	0	0	0	0	0	0	2	0	0	0	0	0	0	0	0	0	0	0	0	0	0	0	0	0	0	0	0	0	0	0	0	0	0	0	0	0	0	0	3	0
51327_fr5	0	0	0	0	0	0	4	0	0	0	0	0	0	0	0	0	0	0	0	0	0	0	0	0	0	0	0	0	0	0	0	0	0	0	0	0	0	0	0	0
51377_fr2	0	0	4	4	4	0	0	0	0	1	0	0	4	0	4	0	0	4	0	0	2	4	0	0	0	4	4	3	4	0	0	2	4	0	4	1	2	0	0	3
51491_fr2	0	0	0	2	0	3	0	5	2	0	0	0	0	0	0	0	0	0	0	0	0	0	0	0	5	0	0	0	0	0	0	4	0	0	0	8	3	0	6	0
53019_fr4	0	0	0	0	0	0	0	0	0	3	0	0	0	0	0	0	0	0	0	0	0	0	0	0	0	0	0	0	0	0	0	0	0	0	0	0	0	0	0	0
62638_fr5	0	0	0	0	0	0	0	0	0	0	0	0	0	0	0	0	0	0	0	0	2	0	0	0	3	0	0	2	2	0	0	0	0	0	0	0	0	0	0	0
63604_fr6	0	0	0	0	0	0	0	0	0	0	1	0	0	0	0	0	0	0	0	0	0	0	0	0	0	0	0	0	0	0	0	0	4	0	0	0	0	0	0	0
65834_fr4	2	2	0	7	0	0	0	4	9	11	9	12	7	13	9	9	10	11	7	18	12	12	13	10	11	13	11	7	11	11	10	10	11	12	13	11	11	16	9	9
69698_fr2	1	0	1	0	0	0	0	0	0	0	2	4	0	1	0	1	2	0	0	0	0	2	0	0	0	0	1	2	0	0	0	0	0	0	0	0	0	0	0	0
69913_fr6	8	8	8	4	6	5	0	8	5	6	8	7	8	4	6	8	2	7	4	0	4	7	0	1	7	5	8	6	7	3	5	6	7	6	5	8	6	4	0	4
71063_fr4	0	8	11	6	11	0	7	16	13	0	5	11	5	9	4	8	4	6	6	0	8	5	4	6	9	11	4	17	4	4	6	7	5	0	4	8	4	5	7	4
72484_fr6	0	0	0	0	0	0	0	0	0	0	0	0	0	0	0	0	0	0	0	0	0	0	0	0	0	0	0	0	0	0	0	0	0	0	0	0	0	0	0	4
85980_fr2	0	0	0	0	0	0	0	0	0	1	4	1	2	0	1	0	0	0	0	0	2	0	0	0	4	0	2	0	2	4	2	2	4	4	2	0	3	0	2	3
87607_fr3	2	0	0	2	2	0	4	2	6	0	3	2	0	0	0	0	0	0	0	0	0	2	2	3	0	2	2	3	0	0	0	2	1	2	2	0	2	0	0	0
87677_fr3	0	0	0	0	0	0	0	0	0	0	0	0	7	8	6	0	0	4	6	0	0	0	0	0	0	0	4	5	7	0	4	2	4	0	5	0	6	4	0	0
87717_fr4	0	0	0	0	0	0	0	0	0	3	0	0	0	0	0	0	0	0	0	0	0	0	0	0	0	0	0	0	0	0	0	0	0	0	1	0	0	0	0	0
87769_fr2	0	0	0	0	0	0	0	0	0	0	0	0	0	0	0	0	0	0	0	0	0	0	2	0	0	4	0	0	5	0	0	0	0	0	0	0	0	0	0	0
87821_fr6	0	0	0	0	1	0	0	0	0	0	0	0	0	0	0	0	0	0	0	0	0	1	0	0	0	0	0	0	2	0	0	0	4	0	2	0	0	0	0	0
90711_fr1	0	0	0	0	0	0	0	0	0	0	0	0	0	0	0	0	1	0	0	0	0	0	0	0	2	0	0	4	0	0	0	0	0	0	0	0	0	0	0	0
94514_fr5	0	1	2	0	0	0	0	2	0	0	0	1	1	0	0	1	0	0	0	0	0	0	0	0	0	1	0	1	0	0	0	0	0	0	0	0	0	0	0	0
97936_fr6	1	0	0	2	1	1	0	0	0	0	0	2	6	2	2	0	0	0	0	0	1	2	0	2	2	0	1	1	2	2	0	0	0	0	2	0	2	2	0	0
98010_fr6	2	0	0	1	0	1	1	0	0	0	1	1	0	0	0	3	4	2	3	0	2	0	0	1	4	1	2	3	2	2	1	0	0	0	2	0	1	4	2	0
98012_fr3	2	0	3	2	0	6	6	2	3	2	0	0	2	0	0	0	0	0	0	2	2	2	1	0	0	1	0	2	0	0	2	2	0	2	5	2	3	2	2	4
98023_fr1	3	7	0	2	5	0	0	2	0	2	9	0	0	0	2	0	0	10	13	0	0	0	13	0	0	0	6	1	3	0	2	0	2	4	1	2	3	0	0	16
98110_fr5	0	0	0	0	0	0	0	0	0	0	1	12	2	0	0	0	1	0	0	0	0	0	0	2	1	0	0	1	0	1	0	0	0	0	0	0	0	0	0	0
98152_fr5	3	5	3	4	6	0	0	3	4	6	0	4	4	7	2	5	0	6	2	2	4	5	3	4	4	2	6	4	7	4	4	2	2	7	6	6	6	5	0	5
98188_fr3	0	0	0	0	2	0	0	0	0	11	0	0	0	0	3	0	0	0	0	0	0	0	0	0	0	0	0	0	0	0	0	0	0	0	0	0	0	0	0	0
98247_fr5	0	0	0	11	7	6	0	1	4	11	6	1	0	0	1	1	0	0	4	4	1	2	5	0	1	9	2	2	5	5	2	8	3	3	8	7	2	2	0	13
98260_fr1	0	3	0	0	0	2	13	0	0	0	0	0	0	0	3	0	0	0	0	5	0	0	0	0	3	0	0	0	0	0	0	0	0	0	0	0	0	7	8	0
98464_fr4	3	0	4	5	0	3	0	4	0	0	4	12	0	6	5	0	3	12	14	0	6	0	0	3	0	14	0	4	5	0	3	5	4	0	7	0	0	15	4	4
99411_fr2	0	1	0	4	0	9	5	7	6	4	2	0	4	4	2	0	0	0	2	4	6	5	0	2	1	2	2	3	6	3	4	2	0	3	0	4	4	4	4	0
100349_fr3	9	13	10	11	13	8	6	14	13	16	8	13	10	11	10	9	11	13	6	19	10	13	11	8	11	16	13	11	14	10	9	11	12	10	12	10	8	12	9	11
101079_fr6	0	0	1	1	0	0	0	0	2	0	0	0	0	0	1	0	0	0	0	1	0	0	0	0	0	0	0	0	2	0	0	0	1	0	0	0	2	1	0	0
101957_fr2	1	2	0	2	0	2	4	0	0	0	0	0	0	0	2	0	0	2	2	2	0	1	0	0	0	0	1	0	0	0	1	2	0	4	0	2	0	2	1	0
102192_fr5	0	0	0	0	0	0	0	0	0	0	0	0	0	0	0	0	0	0	0	0	0	0	0	0	0	0	0	0	3	0	0	0	0	0	0	0	0	0	0	0
102540_fr6	0	0	0	1	0	0	0	0	0	4	0	2	1	0	0	0	0	4	0	0	1	0	0	0	2	2	0	0	3	4	0	2	0	0	2	0	2	0	0	2
103394_fr3	1	0	0	0	0	0	0	0	0	0	2	1	3	1	0	0	0	0	0	0	0	0	0	0	0	0	0	0	0	0	0	4	4	2	0	1	0	0	0	0
105020_fr5	8	8	7	9	0	12	7	9	2	4	8	13	14	8	9	13	16	7	11	4	8	4	4	15	35	4	7	6	4	11	8	7	6	6	9	2	9	7	9	2
105032_fr3	0	0	0	0	0	0	0	0	0	0	0	1	0	0	0	0	0	0	0	0	0	0	0	0	0	0	0	1	0	0	0	0	0	0	0	0	0	0	0	0
105035_fr3	0	0	0	0	0	0	0	0	0	0	0	0	0	0	0	0	0	0	0	2	0	0	0	0	0	0	0	0	0	0	0	0	0	0	0	0	0	0	0	0
105044_fr3	2	2	1	0	3	0	0	2	0	0	0	1	0	0	0	0	0	0	1	0	0	2	2	0	0	3	1	2	3	4	0	0	0	0	0	0	0	0	0	1
105132_fr2	0	0	0	0	2	0	0	0	0	0	0	1	2	4	0	4	0	5	5	0	0	0	0	4	0	0	0	0	0	0	0	0	0	0	0	0	0	0	0	0
105194_fr6	2	2	2	0	3	2	2	0	0	0	2	2	3	2	2	2	2	2	0	3	3	3	5	2	3	0	3	3	0	3	0	0	0	0	0	3	3	5	0	0
105322_fr2	0	0	1	4	0	0	0	0	0	1	0	0	0	1	0	0	0	0	0	1	0	0	0	1	1	0	0	0	1	0	0	0	0	0	0	1	0	0	0	1
105389_fr4	2	1	0	0	0	0	0	1	0	0	0	1	0	2	0	0	0	0	0	1	2	2	0	0	0	2	0	1	2	2	0	2	2	0	2	2	2	0	0	5
105472_fr5	2	1	4	5	4	2	0	2	0	2	1	1	4	2	1	0	0	2	0	0	0	0	2	0	2	5	0	0	4	0	0	5	2	2	5	0	1	2	1	7
105618_fr2	0	0	1	0	0	0	0	0	0	2	0	0	0	0	0	0	0	0	0	0	0	0	0	0	0	0	0	0	0	0	0	0	0	0	0	0	0	0	0	0
105628_fr5	0	0	0	3	0	0	0	0	3	0	0	0	0	0	0	0	0	1	1	1	0	0	0	0	0	0	1	0	0	0	2	0	0	0	2	2	0	0	0	0
105712_fr5	1	0	0	0	1	0	0	1	0	0	0	0	0	1	0	0	0	2	2	0	1	1	0	2	1	0	2	0	2	0	0	0	0	0	2	0	1	0	0	2
105765_fr4	0	0	0	0	1	0	0	0	2	0	0	0	0	0	0	0	0	1	0	1	1	2	0	0	0	2	0	0	0	0	0	1	1	0	0	2	0	0	0	1
106001_fr4	0	0	0	0	0	0	0	0	0	1	0	0	0	0	1	0	0	1	0	0	0	0	0	0	0	2	0	0	0	0	0	0	2	0	0	0	0	0	0	0
106017_fr1	0	0	0	0	0	0	0	0	0	0	0	0	0	0	0	0	0	0	0	0	0	0	0	0	0	0	0	0	0	1	0	0	0	0	1	0	1	0	0	1
106795_fr3	0	0	0	0	0	0	0	3	0	4	4	4	0	0	0	0	0	0	0	0	5	0	0	0	0	0	0	2	2	0	0	0	5	2	3	0	2	0	0	0
107314_fr5	0	0	0	0	0	0	0	0	0	1	1	0	0	0	0	0	0	0	0	0	0	0	0	1	0	1	0	0	0	0	3	1	1	0	0	1	0	0	2	0
108701_fr3	2	2	2	4	0	0	0	0	0	2	2	1	0	0	0	0	0	0	0	0	0	1	0	0	0	0	2	0	0	0	0	0	0	1	0	0	3	0	0	0
109189_fr5	0	0	0	0	0	0	0	2	0	0	0	0	0	0	0	0	0	0	0	3	0	0	0	0	0	0	0	0	0	0	0	0	0	0	0	0	0	0	0	0
109413_fr2	0	0	0	0	2	0	0	0	0	0	0	0	0	0	0	0	0	0	0	0	0	0	0	0	0	1	4	0	0	0	0	2	2	0	0	2	2	0	0	0
109695_fr1	0	0	0	0	0	0	0	0	1	0	0	0	0	0	0	0	0	0	0	0	2	1	0	0	2	0	2	0	0	0	0	0	0	0	2	0	0	0	0	0
110907_fr2	10	0	10	6	12	4	0	10	2	7	0	2	0	0	8	2	0	0	2	13	9	7	0	2	5	2	2	4	1	4	0	2	4	5	3	5	5	6	1	0
110912_fr3	0	0	0	0	7	4	0	6	5	9	0	0	0	4	0	0	0	0	2	0	7	4	0	3	3	7	0	6	3	4	0	7	7	6	6	6	8	5	0	5
110918_fr2	3	2	2	7	2	4	6	6	12	9	5	2	2	2	2	4	4	5	4	2	5	4	4	2	3	2	3	2	2	4	9	4	2	2	2	7	2	3	5	2
110964_fr1	0	0	0	0	0	1	0	0	0	0	0	0	0	0	0	0	0	1	0	0	0	0	0	0	0	0	0	0	2	0	0	0	0	0	0	0	0	0	0	0
110976_fr3	0	0	0	0	0	0	0	0	0	0	0	2	0	0	0	0	0	0	0	0	0	0	0	2	0	0	0	0	0	0	0	0	1	0	2	0	0	0	0	0
110978_fr6	3	3	4	4	0	4	2	3	4	4	3	3	4	0	0	4	0	0	0	0	0	0	0	0	0	0	0	0	0	0	3	0	0	0	0	0	0	0	0	0
111022_fr3	0	0	0	0	0	0	1	0	0	0	0	0	0	0	0	2	0	0	0	0	0	1	2	0	0	2	0	3	2	0	2	1	1	1	0	1	0	0	0	1
111171_fr2	0	0	0	0	0	6	0	0	0	0	0	0	2	0	0	0	0	0	1	0	0	0	0	0	0	0	2	0	0	2	0	0	2	1	0	2	2	0	0	0
111225_fr2	0	0	0	2	2	0	0	1	0	0	0	0	0	0	0	0	0	0	0	0	0	4	1	0	0	4	0	0	0	0	0	3	3	1	0	2	0	2	0	6
111453_fr5	0	0	0	0	0	0	0	2	0	2	0	0	0	0	0	0	0	0	0	0	4	0	0	0	0	1	0	0	0	0	0	0	0	0	0	0	0	0	0	0
111526_fr5	0	0	0	0	0	0	0	0	0	5	0	0	0	0	0	0	0	0	0	0	0	0	0	0	2	2	0	0	0	0	0	0	0	0	0	0	0	2	2	0
111565_fr5	0	0	0	0	0	0	0	2	1	3	0	0	1	0	0	0	0	1	0	0	1	0	0	0	0	1	0	0	0	1	0	0	1	2	0	0	0	0	0	1
111710_fr5	0	0	0	0	0	0	0	0	0	0	0	0	0	1	2	0	0	0	2	2	1	0	0	4	0	0	0	0	0	0	0	0	0	1	0	0	2	0	0	0
111711_fr4	0	0	0	1	2	0	0	0	0	0	0	0	0	0	0	0	0	3	0	0	1	2	0	0	0	0	0	0	0	0	0	0	0	0	0	1	0	0	0	0
111749_fr2	0	0	0	0	0	0	0	0	0	0	0	0	0	0	0	0	0	0	0	0	0	0	0	3	0	0	0	0	6	1	4	1	0	0	3	0	4	0	0	5
111876_fr3	0	0	0	0	0	0	0	0	0	0	0	0	0	0	0	0	0	0	0	0	0	0	7	0	0	0	0	0	2	0	0	2	0	3	0	0	0	0	0	2
112559_fr6	0	0	0	0	0	0	0	0	0	0	0	0	0	0	0	0	0	0	0	0	0	0	0	0	0	0	0	0	0	0	0	0	0	0	0	0	0	0	0	3
114728_fr3	3	2	0	2	0	0	0	0	2	0	0	0	0	1	1	0	0	0	0	0	0	2	2	0	2	1	0	2	2	0	0	0	2	2	0	0	1	2	0	2
116243_fr4	0	0	0	0	0	0	0	0	0	2	0	0	0	0	0	0	0	0	0	1	1	3	0	0	0	0	1	0	0	0	0	0	1	0	0	0	0	1	2	0
116254_fr2	0	0	0	0	0	0	0	0	0	0	0	0	0	0	0	0	0	0	0	3	0	0	0	0	0	0	0	0	0	0	0	0	0	0	0	0	0	0	0	0
116357_fr4	0	0	0	0	0	0	0	2	4	0	0	2	0	0	0	0	0	0	1	0	1	0	0	2	0	0	0	0	0	0	2	0	0	1	0	0	0	0	0	0
116383_fr1	0	0	0	0	0	0	0	0	0	0	4	3	3	0	0	0	4	0	0	0	0	0	0	0	0	0	0	2	0	0	8	0	0	0	0	0	0	0	2	0
116386_fr6	0	0	0	0	0	0	0	0	0	0	0	0	0	0	0	0	0	0	0	1	0	0	0	0	0	0	0	0	0	0	0	0	0	0	0	0	0	1	4	0
116403_fr1	0	2	0	4	0	0	1	4	2	0	0	0	0	1	0	0	0	0	0	0	1	0	0	2	0	0	0	0	1	1	2	1	2	1	6	7	0	0	0	0
116501_fr6	0	0	0	0	0	0	0	0	0	0	0	0	0	0	0	0	0	0	0	3	0	0	0	0	0	0	0	0	0	0	0	0	0	0	0	0	0	0	0	0
116507_fr5	0	0	0	0	0	0	0	0	0	0	0	0	0	0	0	0	0	0	0	0	0	0	0	7	0	0	0	0	0	0	0	0	0	0	0	0	0	0	0	0
116584_fr3	0	0	0	0	0	0	0	0	0	0	0	0	0	0	0	0	0	1	0	0	0	0	0	0	0	0	0	0	2	0	0	0	0	0	0	0	0	0	0	2
116794_fr4	0	0	0	0	0	0	0	0	0	0	0	0	0	0	0	0	0	0	0	0	0	0	0	0	0	0	0	0	1	0	0	0	0	0	0	0	1	0	0	0
116889_fr5	0	2	0	3	2	1	0	2	2	4	0	2	2	2	2	0	0	2	2	2	2	2	2	2	2	2	2	2	3	2	2	2	2	2	2	2	3	2	2	6
117083_fr4	0	0	0	0	0	0	0	0	0	0	0	0	0	0	0	0	0	0	0	0	0	0	0	0	0	0	0	0	0	0	0	0	0	0	4	0	0	0	0	0
117102_fr1	0	0	1	3	5	1	0	4	3	4	4	2	6	0	5	0	6	6	4	8	5	0	0	2	7	0	5	6	6	4	3	0	4	4	7	4	1	1	2	3
117114_fr5	0	0	0	0	0	0	0	0	0	0	0	0	0	0	0	0	0	1	0	0	0	0	0	0	0	0	2	0	5	0	0	0	0	0	0	0	0	1	0	0
117464_fr5	0	0	0	0	0	0	0	0	0	1	0	0	1	0	0	0	0	0	0	0	0	0	0	1	0	0	0	0	0	0	0	0	2	0	0	1	0	0	0	2
117813_fr6	0	0	0	0	0	0	0	0	0	3	0	0	0	0	0	0	0	0	0	0	0	0	0	0	0	0	0	0	0	0	0	0	1	0	0	0	0	0	0	0
121081_fr5	0	0	0	0	2	0	0	0	0	0	0	0	0	0	0	0	0	3	0	0	0	0	0	0	0	0	0	0	0	0	0	0	0	0	0	0	0	0	0	0
121125_fr3	0	1	0	1	0	0	0	0	0	0	0	0	0	0	0	0	0	0	0	0	0	0	0	0	0	0	0	0	0	0	0	1	0	0	0	0	0	0	0	0
121213_fr3	0	0	0	0	0	0	2	0	0	0	0	0	0	0	0	0	0	0	0	0	0	0	0	0	0	0	0	0	0	0	0	0	0	0	0	0	0	0	0	0
121218_fr5	8	6	7	11	3	0	3	9	0	0	0	0	6	12	10	0	6	10	2	5	11	13	11	10	0	12	9	8	7	0	6	11	12	6	3	8	13	0	6	0
121267_fr4	0	2	0	2	0	0	0	0	0	0	0	0	0	2	0	0	0	0	1	0	0	0	0	6	2	1	0	1	1	1	0	2	0	0	1	0	0	1	0	0
121276_fr1	0	0	0	0	1	0	0	0	0	0	0	0	0	1	1	0	0	0	0	1	0	0	0	0	0	0	1	0	0	0	0	0	0	0	0	0	0	1	0	0
121300_fr5	0	1	0	2	3	1	0	2	3	4	0	0	2	4	3	0	0	5	0	0	3	2	0	2	3	2	5	0	5	4	3	4	3	3	4	2	2	5	0	4
121351_fr5	0	0	0	0	0	0	0	2	0	0	0	0	0	0	0	0	0	2	0	0	1	2	0	0	0	4	0	0	5	0	0	0	0	2	0	0	0	0	0	4
121407_fr1	1	3	3	2	3	1	2	6	2	5	2	2	1	2	2	2	2	2	2	7	0	1	1	2	2	7	2	2	2	9	0	3	2	2	1	0	2	2	2	2
121429_fr2	0	0	0	0	3	0	0	0	0	0	0	0	0	0	0	0	0	0	0	0	0	0	0	0	0	0	0	0	0	0	0	0	0	0	0	0	0	0	0	0
121829_fr5	0	0	1	4	0	0	0	0	0	2	0	0	0	0	0	0	0	0	0	0	0	0	0	0	0	0	0	0	0	0	0	0	0	0	0	0	0	0	0	1
121888_fr5	0	4	0	0	0	0	0	0	0	0	0	0	0	0	0	0	0	0	0	0	0	0	0	0	0	1	2	0	0	0	0	0	0	0	0	0	0	0	0	0
122754_fr5	0	0	0	0	0	0	0	0	0	0	0	0	0	0	0	0	0	0	0	4	0	0	0	0	0	0	0	0	0	0	0	0	0	0	0	0	0	0	0	0
125545_fr3	4	4	4	0	2	3	0	4	0	0	2	0	0	4	4	4	1	2	2	0	0	0	4	0	0	0	2	4	0	2	2	0	2	0	2	2	2	0	0	0
125555_fr4	4	4	0	3	2	4	3	2	0	0	3	0	4	0	4	0	0	0	0	0	2	5	0	0	0	0	3	5	0	2	0	4	1	0	0	1	2	0	0	0
125644_fr6	0	0	0	0	0	0	0	0	0	0	0	0	0	0	0	0	0	0	0	0	0	0	0	0	0	1	0	0	2	0	0	0	0	0	0	0	0	0	0	5
125730_fr1	0	0	0	0	4	0	0	0	0	4	0	2	0	0	0	0	0	0	0	0	1	1	0	0	4	4	0	0	1	0	0	0	0	1	4	0	0	0	0	4
125741_fr1	0	0	0	1	2	0	0	0	1	1	0	0	0	1	1	0	0	1	0	0	1	2	1	0	0	0	0	0	0	0	0	1	0	1	1	1	2	1	0	4
125764_fr5	4	6	4	3	4	3	0	0	3	0	5	0	3	0	3	0	3	4	0	0	4	7	2	0	0	0	0	0	2	3	3	4	4	3	2	4	5	5	3	3
125789_fr3	0	0	0	0	0	0	0	0	0	0	0	0	0	1	0	0	0	1	0	0	0	0	1	1	1	0	0	0	2	0	0	0	0	1	0	0	0	0	0	2
126438_fr2	0	0	0	0	0	0	0	0	0	0	0	0	0	0	0	0	0	0	0	0	0	0	0	0	0	0	0	0	0	0	0	0	0	0	0	0	0	4	0	0
126541_fr1	0	0	0	0	4	0	0	0	0	0	0	0	0	0	0	0	0	0	0	0	0	0	0	0	0	0	0	0	0	0	0	0	0	0	0	0	0	0	0	0
126600_fr3	0	0	0	0	0	0	0	0	4	0	0	0	0	0	0	0	0	0	0	0	0	0	0	0	0	0	0	0	0	0	0	0	0	0	0	0	0	0	0	0
128499_fr4	16	2	6	0	2	2	0	6	2	8	21	2	2	0	2	0	0	2	0	2	2	2	0	2	11	2	2	12	6	4	2	2	2	2	2	0	2	2	5	2
128511_fr6	9	12	8	8	9	8	7	12	6	10	8	8	8	8	8	6	8	8	9	0	8	9	0	7	8	9	8	8	10	9	6	8	8	8	8	7	6	9	7	10
129051_fr2	5	3	0	2	0	0	0	2	1	0	0	5	4	2	3	2	2	4	0	1	3	2	0	0	6	5	4	4	3	4	5	3	0	4	0	0	4	0	0	3
129687_fr3	2	2	10	2	1	2	0	2	0	0	1	0	0	0	2	0	0	1	0	0	1	2	2	0	0	2	2	2	2	0	0	2	2	0	0	1	0	0	0	0
129747_fr4	0	0	0	0	0	0	0	0	2	0	0	0	0	0	0	0	0	0	0	0	2	2	0	1	2	2	0	1	0	0	1	1	2	1	1	1	1	0	0	3
129814_fr2	2	0	0	0	2	0	0	4	0	0	2	0	0	0	0	0	0	0	0	0	0	0	0	2	0	0	0	0	0	0	0	0	2	2	2	0	0	2	0	0
129857_fr4	0	0	0	0	0	0	0	0	0	2	0	0	0	0	0	0	0	0	0	0	0	0	0	0	0	0	0	0	0	0	0	0	0	0	0	0	0	0	0	0
129865_fr5	2	2	0	0	0	0	0	0	0	0	2	0	0	0	2	0	0	1	2	0	0	1	0	0	0	0	2	0	0	0	0	0	2	2	0	2	3	0	0	0
129960_fr4	0	0	0	0	0	0	7	0	0	0	0	0	0	0	0	0	0	0	0	0	0	0	0	0	0	0	0	0	0	0	0	0	0	0	0	0	0	0	0	0
130034_fr5	2	2	2	2	2	0	0	2	2	2	2	2	2	2	2	2	2	2	2	2	2	2	2	11	3	2	2	2	2	2	2	2	2	0	2	0	2	2	2	2
130036_fr1	0	2	3	4	4	1	0	4	0	4	0	0	0	3	3	0	0	4	3	0	4	3	2	0	4	4	0	0	4	4	2	4	4	3	4	0	4	3	0	4
130066_fr3	0	0	0	0	0	0	0	0	0	0	0	0	0	0	0	0	0	0	0	0	0	0	0	0	0	1	0	0	1	0	0	0	0	0	0	0	1	0	0	0
130139_fr1	4	5	4	9	8	6	4	4	8	4	2	0	3	6	8	2	4	2	0	8	7	0	5	4	8	8	7	6	6	5	9	2	0	4	3	9	9	9	8	7
130148_fr4	0	0	0	0	0	0	0	0	0	0	0	0	0	0	0	0	0	0	0	1	0	0	0	0	0	0	0	0	0	0	0	0	0	0	0	0	0	1	0	0
130214_fr4	1	0	0	3	2	0	0	0	0	3	1	0	3	4	3	0	0	5	0	5	5	0	2	2	0	0	4	1	0	3	2	3	5	2	0	2	3	4	2	4
130236_fr5	0	0	0	0	3	0	0	0	0	0	0	0	0	0	0	0	0	0	0	0	0	0	0	0	0	0	0	0	0	0	0	0	3	0	0	0	2	0	0	2
131878_fr5	0	0	0	0	0	0	0	0	0	0	0	0	0	0	0	0	0	0	0	0	0	0	0	0	0	0	0	0	1	0	0	0	0	0	2	0	0	0	0	0
133529_fr2	0	0	0	0	0	0	0	0	0	0	0	0	0	0	0	0	0	0	0	3	0	0	0	0	0	0	0	0	0	0	0	0	0	0	0	0	0	0	0	0
133670_fr3	1	0	0	0	3	0	0	0	0	2	0	0	0	0	0	0	0	0	0	0	0	0	0	0	0	2	0	0	0	0	0	0	3	0	0	0	0	1	0	3
133685_fr4	0	0	0	0	0	0	0	3	2	0	0	0	0	0	0	0	0	3	0	0	0	4	2	2	2	2	0	0	0	2	0	0	0	0	3	0	0	0	0	2
133756_fr4	3	2	4	0	10	1	0	0	0	0	0	0	2	0	0	0	0	0	0	0	0	1	0	0	0	12	0	1	0	0	0	0	0	0	0	0	0	0	0	0
133946_fr3	0	3	0	0	0	0	0	0	0	5	0	0	5	0	0	0	0	4	0	0	0	0	0	0	4	3	3	0	0	0	0	0	0	0	0	0	10	0	0	0
134170_fr3	0	2	0	0	2	2	0	0	0	0	0	0	0	0	0	0	0	0	0	0	0	3	0	0	0	0	0	0	0	0	0	0	0	0	2	0	0	0	0	0
134172_fr1	0	0	0	0	0	0	0	0	0	0	0	0	0	0	0	0	0	0	0	0	0	0	0	0	0	0	0	0	0	0	0	0	0	0	0	0	0	0	0	2
134287_fr6	0	0	0	0	0	0	0	0	0	0	0	0	0	0	0	0	0	0	0	4	0	0	0	0	0	0	0	0	0	0	0	0	0	0	0	0	0	0	0	0
134338_fr3	0	0	0	0	0	0	0	0	0	0	0	0	0	0	0	0	0	0	0	0	0	3	0	0	0	0	0	0	0	0	0	0	0	0	0	0	0	0	0	0
134381_fr4	0	0	0	0	0	0	0	0	0	0	0	2	0	0	0	0	0	0	0	0	0	0	0	0	0	0	0	0	0	0	0	0	0	0	1	0	0	0	0	0
134405_fr2	0	0	0	0	0	1	2	0	0	0	0	0	0	0	0	0	0	0	0	2	0	0	0	0	0	0	0	0	0	0	2	0	0	0	0	0	0	0	2	0
135487_fr5	2	9	1	0	9	6	0	1	6	2	2	6	14	4	8	7	8	14	3	11	12	10	0	4	1	14	11	2	2	2	8	11	15	11	11	0	9	11	0	5
136881_fr5	0	0	0	0	1	0	0	0	0	0	0	0	0	0	0	2	0	0	0	3	0	0	0	0	0	0	0	0	0	0	0	0	1	0	3	10	0	0	0	0
137335_fr1	0	0	0	0	0	0	1	0	0	0	2	2	0	0	0	0	0	2	0	6	3	0	1	2	0	0	3	1	0	3	0	0	0	0	0	0	0	0	0	0
137406_fr3	0	0	0	2	0	0	0	0	0	0	0	0	0	0	0	0	0	0	0	4	0	0	0	0	0	0	0	0	0	0	2	0	0	0	0	0	0	3	0	0
137447_fr5	0	0	0	0	0	0	0	0	0	0	0	0	0	0	0	0	0	0	0	0	0	0	4	0	0	0	0	0	2	0	0	0	0	0	0	0	0	0	0	0
137567_fr1	0	0	0	0	0	0	0	0	0	0	0	0	0	1	0	0	3	0	0	0	0	0	0	0	0	0	0	0	0	0	0	0	0	0	0	0	0	0	0	0
137569_fr2	0	0	0	0	0	0	0	0	0	0	0	0	0	0	0	2	0	0	0	0	0	0	0	0	0	0	0	0	0	0	3	3	0	0	0	0	0	0	0	0
137627_fr1	0	0	0	0	1	0	0	0	1	0	1	0	0	1	0	1	0	0	0	0	0	1	1	2	2	0	2	0	2	1	0	3	1	2	2	1	0	1	0	2
137871_fr4	0	0	0	0	0	0	0	0	0	0	0	0	0	0	0	0	0	3	0	0	0	0	0	0	0	0	0	0	0	0	3	0	0	0	0	0	0	0	0	3
138186_fr3	0	0	0	0	0	0	0	0	0	0	0	0	0	0	0	0	0	0	0	0	0	0	0	2	0	0	0	0	0	1	0	0	0	0	2	0	0	0	0	0
139091_fr5	0	0	0	0	0	0	0	0	0	0	0	4	0	4	0	0	0	1	1	0	5	3	4	5	0	2	0	2	6	2	0	0	0	5	4	0	4	2	0	7
140441_fr2	0	0	3	0	0	0	0	0	0	0	0	0	0	0	0	0	0	0	0	0	0	0	0	0	0	0	0	0	0	0	0	0	0	0	0	0	0	0	0	0
140868_fr2	0	0	0	0	0	0	0	0	0	4	0	0	0	0	0	0	0	0	0	0	0	5	0	0	0	0	0	0	0	0	0	0	0	0	0	2	0	0	0	0
141052_fr6	0	0	0	0	0	0	0	0	0	0	0	0	0	0	0	0	0	0	0	7	0	0	0	0	0	0	0	0	0	0	0	0	0	0	0	0	0	0	0	0
141086_fr5	0	0	0	0	0	0	1	0	0	0	0	0	0	0	0	0	0	0	0	0	0	0	3	0	2	0	0	0	0	0	0	0	0	0	0	0	0	0	0	0
141153_fr2	0	0	0	3	0	0	0	0	4	3	0	0	1	0	0	0	0	0	0	0	0	0	0	0	0	0	0	0	0	0	0	0	0	0	0	0	0	0	0	0
141220_fr4	0	0	0	0	0	0	0	0	0	5	0	0	0	0	0	0	0	0	0	0	4	0	0	0	0	0	0	0	0	0	0	0	0	0	0	0	0	0	0	0
141228_fr2	0	0	0	0	0	0	0	0	0	0	0	0	0	0	0	0	0	0	0	0	0	0	0	0	0	0	0	0	0	0	0	1	0	1	0	0	0	0	0	0
141642_fr4	0	0	0	4	0	0	0	0	0	0	0	2	0	5	0	0	0	0	0	0	0	0	0	8	2	0	0	0	3	2	1	2	0	2	3	0	3	4	5	0
141775_fr4	11	12	11	15	13	11	12	13	20	11	8	13	15	16	17	2	8	10	12	2	12	13	11	15	14	13	12	12	15	14	16	17	17	14	16	14	17	16	13	14
143364_fr4	2	0	0	0	0	0	0	0	0	6	0	4	0	0	0	0	0	0	0	0	0	0	0	0	0	4	0	0	0	0	0	0	5	0	0	0	0	0	0	1
143811_fr2	0	0	0	0	0	0	0	0	0	0	0	0	0	0	0	0	0	0	0	0	0	0	0	0	0	0	0	0	0	0	0	0	0	0	0	0	4	0	0	0
144144_fr2	0	0	0	0	0	0	0	0	0	0	0	0	0	0	0	0	0	0	0	0	0	0	0	0	0	0	0	0	0	0	0	0	0	0	0	0	0	5	1	0
144152_fr3	2	0	0	2	0	2	0	4	4	6	2	2	2	2	0	2	0	2	0	0	2	1	2	0	0	1	2	2	0	4	4	3	2	2	2	4	2	2	1	2
144171_fr6	4	14	13	21	11	3	3	16	24	10	12	21	22	21	21	5	0	11	9	2	22	15	8	28	23	13	21	27	18	27	36	21	18	23	21	18	32	23	24	14
144272_fr1	1	0	1	2	0	0	0	3	1	0	2	7	0	2	0	0	0	0	2	0	2	2	0	0	2	2	1	2	2	2	0	2	0	0	3	1	2	1	2	1
144281_fr6	0	0	0	0	1	0	0	0	0	0	0	0	0	0	0	0	0	0	1	0	0	0	0	0	0	0	5	4	0	0	0	0	0	0	0	0	0	0	0	0
144332_fr2	0	0	0	0	0	0	3	0	0	0	0	0	0	0	0	0	0	0	0	2	0	0	0	0	0	0	0	0	0	0	5	0	0	0	0	0	0	1	1	0
144441_fr6	0	0	0	0	0	0	0	0	0	0	0	0	0	0	0	0	0	0	0	0	0	0	0	0	0	0	0	0	0	0	0	0	0	0	0	0	0	0	3	0
145070_fr4	0	0	0	2	2	2	2	0	2	0	0	1	1	2	2	8	2	2	2	11	2	2	2	2	1	1	2	2	0	2	0	2	1	2	0	2	0	2	2	0
145692_fr6	0	0	0	0	0	0	0	0	0	0	0	2	0	0	0	0	0	0	0	0	0	1	2	0	0	0	0	2	2	0	0	3	0	2	2	0	0	0	0	2
147296_fr5	0	2	0	0	0	2	2	0	0	0	0	0	0	0	0	0	0	0	0	0	0	0	0	0	0	0	0	0	0	0	0	0	0	0	0	0	0	0	6	0
147363_fr5	0	0	0	0	2	4	5	0	2	0	0	4	0	0	5	0	7	2	0	0	0	0	1	0	0	0	2	0	2	2	2	1	2	2	6	4	0	0	2	0
148355_fr4	0	0	0	0	9	0	0	0	0	2	0	0	0	0	0	0	0	0	0	5	0	0	0	0	0	0	0	0	0	0	0	0	0	0	0	0	0	0	0	0
150178_fr1	0	0	0	0	0	0	0	0	0	0	0	0	0	0	0	0	0	3	0	0	0	0	0	0	0	0	0	0	0	0	0	0	0	0	0	0	0	5	0	0
150268_fr2	0	0	0	0	0	0	0	1	0	0	0	0	0	0	0	0	0	0	0	3	2	0	0	0	0	0	0	0	0	0	0	0	0	0	0	0	0	0	0	0
150376_fr5	0	0	0	0	0	0	0	0	0	0	0	0	0	0	0	0	0	0	0	0	0	0	0	0	0	3	0	0	4	0	0	0	0	0	0	0	0	0	0	0
150378_fr1	0	0	0	0	0	0	0	0	0	0	0	0	1	0	2	0	0	0	0	0	0	0	0	0	0	0	0	0	0	0	0	0	0	0	0	0	0	0	0	0
151692_fr5	0	0	0	0	2	4	2	0	0	0	0	0	0	0	0	0	0	0	0	0	0	0	0	0	0	0	0	0	0	0	0	0	0	3	0	0	0	2	0	0
151942_fr2	0	4	0	0	0	2	0	2	0	4	0	2	0	7	0	0	0	0	0	0	0	0	0	2	0	0	2	0	0	0	0	4	0	3	2	0	2	2	0	0
153034_fr3	0	0	0	0	0	0	0	0	0	0	0	0	0	0	0	0	0	1	4	0	0	1	0	0	1	0	3	0	0	1	0	0	2	0	0	2	3	0	0	0
153121_fr6	0	0	0	5	2	0	0	0	0	5	0	0	7	1	9	0	0	6	0	5	0	4	0	0	8	1	4	0	7	0	0	0	6	0	0	5	0	0	0	9
153193_fr2	8	5	5	2	2	2	0	3	0	3	0	0	0	1	0	0	0	2	1	0	0	7	2	0	6	2	0	6	2	0	2	2	10	0	2	3	5	11	0	1
153198_fr5	0	0	0	0	0	0	4	0	0	0	0	0	0	0	0	0	0	0	0	0	0	0	0	0	0	0	0	0	0	0	0	0	0	0	0	0	0	0	0	0
153235_fr3	0	0	0	0	0	0	0	0	9	2	1	0	0	4	1	0	1	3	2	3	0	2	1	0	0	0	0	7	1	4	5	0	4	0	4	0	4	7	7	0
153496_fr1	0	0	4	0	0	2	0	1	0	0	0	0	3	0	0	0	0	0	0	0	0	3	0	0	0	3	0	0	0	0	0	0	1	0	0	0	0	4	0	0
153630_fr6	0	0	0	0	0	0	0	0	0	0	0	0	0	2	0	0	0	3	2	0	0	3	0	0	0	4	0	0	6	5	3	0	0	0	0	3	0	3	0	5
154258_fr2	0	0	0	6	0	0	0	0	0	0	0	0	5	0	0	0	0	0	0	0	0	5	0	0	0	0	0	0	0	0	0	0	10	0	0	0	0	7	0	0
155311_fr4	0	0	0	0	0	0	0	0	0	0	0	0	2	0	0	0	0	0	5	0	0	0	0	1	0	0	0	0	6	2	0	0	2	0	0	0	0	2	0	10
155620_fr2	5	8	5	5	2	4	4	5	2	8	7	6	5	4	5	4	6	8	0	2	5	4	3	0	2	5	4	6	5	5	3	5	2	4	7	3	5	6	2	0
155642_fr5	5	5	5	2	0	2	2	0	0	0	0	7	9	4	7	4	12	2	9	0	2	4	0	8	3	0	5	5	0	4	0	4	0	0	4	2	6	3	2	0
155689_fr5	3	0	0	3	6	0	0	0	3	2	0	0	0	0	0	0	0	0	0	0	0	0	0	0	0	0	0	0	0	0	0	0	0	0	3	0	3	0	0	0
155751_fr6	0	0	0	0	0	0	4	0	0	0	0	0	0	0	0	0	0	0	0	0	0	0	0	0	0	0	0	0	0	0	0	0	0	0	0	0	0	3	0	0
155837_fr3	0	0	0	7	3	0	0	0	1	1	0	2	5	0	2	1	0	1	0	2	1	4	0	0	0	4	1	3	2	1	0	0	6	0	1	4	6	1	1	0
155991_fr2	16	10	15	12	16	0	4	8	5	14	13	1	8	11	13	4	8	2	4	0	11	20	7	2	12	0	12	16	15	6	10	11	14	9	14	5	18	3	10	13
156236_fr1	0	0	0	0	0	0	0	0	0	0	0	0	0	0	0	0	0	0	0	0	0	0	1	0	0	1	0	0	0	0	0	0	0	0	0	0	0	0	0	0
157736_fr6	0	0	0	0	0	0	0	0	0	0	0	0	0	0	0	0	0	0	0	2	0	0	0	0	0	0	0	0	0	0	0	0	0	0	0	0	0	5	0	0
158015_fr5	0	0	0	0	0	0	0	0	0	0	0	0	0	4	1	0	0	0	0	0	1	0	2	0	0	0	0	0	0	0	0	0	1	0	0	0	0	0	0	1
158027_fr2	2	0	2	1	1	2	2	2	0	0	2	4	0	1	0	0	0	2	0	0	0	0	0	0	0	2	0	1	0	0	0	0	0	0	0	0	2	0	0	3
158083_fr3	0	0	0	2	0	0	0	0	0	0	0	2	10	0	0	3	0	0	3	0	0	0	0	7	6	0	0	2	0	5	0	0	0	0	3	0	2	2	0	0
158099_fr6	0	0	0	0	0	0	0	0	0	1	0	0	0	0	0	0	0	0	0	0	0	0	0	0	0	0	0	0	0	3	0	0	0	0	0	0	0	0	0	0
158265_fr5	0	0	0	0	0	0	0	0	0	0	0	0	0	0	0	0	0	0	0	0	0	0	0	0	0	0	0	0	0	2	0	0	0	0	0	0	0	0	0	0
159182_fr2	0	2	0	0	0	3	0	0	0	0	0	0	0	0	0	0	0	0	0	0	1	0	0	0	0	0	0	0	0	0	0	3	0	0	0	0	0	1	0	0
159387_fr2	0	0	0	0	0	0	0	0	0	0	0	0	0	0	0	0	0	0	0	0	0	0	0	7	0	0	0	0	0	0	0	0	0	0	0	0	0	0	0	0
160381_fr4	0	2	0	0	0	0	0	3	2	2	0	1	0	6	0	6	0	4	4	0	0	8	0	0	2	2	0	2	2	6	2	0	0	2	4	0	0	0	0	0
160484_fr4	0	0	0	0	0	0	0	0	0	4	0	0	0	0	2	0	0	0	0	0	0	2	0	0	0	0	0	0	0	0	0	0	0	0	0	0	2	0	0	0
160555_fr4	0	0	0	0	0	0	0	0	0	0	0	0	0	0	0	0	0	0	0	0	0	0	0	0	0	0	0	0	0	0	0	0	0	0	1	0	0	0	0	4
160605_fr4	0	0	0	0	0	0	0	3	0	0	0	0	0	0	0	0	0	0	0	0	0	0	0	0	0	0	0	0	0	0	0	0	0	0	0	0	0	0	0	0
162106_fr1	0	0	0	0	0	0	0	0	2	0	0	0	0	1	0	0	0	4	0	0	3	4	3	1	0	0	0	0	2	0	1	1	0	3	5	3	6	0	0	0
162578_fr5	0	0	0	0	4	0	0	0	0	0	0	0	0	0	0	0	0	0	0	0	0	4	0	0	3	0	0	0	6	2	0	0	0	0	0	0	0	0	0	0
162582_fr2	0	0	0	0	12	0	0	0	7	2	5	5	0	0	0	9	0	0	10	0	2	0	1	1	7	0	1	0	0	12	1	2	0	0	12	0	1	7	0	12
163642_fr3	0	0	0	0	0	0	0	0	2	0	0	2	0	0	0	0	4	2	0	0	0	3	0	0	5	6	0	0	2	0	0	0	0	0	5	0	0	0	0	0
166043_fr4	0	0	0	4	4	0	0	0	4	0	0	0	0	0	0	0	0	0	0	0	0	2	0	0	0	0	0	0	0	0	0	0	0	0	0	0	0	4	0	2
166184_fr3	2	6	0	7	0	6	11	6	0	7	0	2	0	0	0	0	0	3	2	3	2	0	0	0	0	2	0	4	0	0	0	0	2	0	4	0	0	0	0	0
166195_fr2	0	0	0	2	0	0	0	0	4	0	4	1	2	0	1	3	2	0	3	1	0	2	1	4	1	1	2	3	0	2	4	4	1	2	2	3	2	0	1	2
166198_fr4	0	0	0	0	0	5	4	0	0	0	0	0	0	0	0	0	0	0	0	0	0	0	0	0	0	0	0	0	0	0	0	0	0	0	0	0	0	0	4	0
166287_fr4	0	3	0	0	0	0	0	0	0	0	0	0	0	0	0	0	0	0	0	2	0	0	0	0	0	0	0	0	0	0	0	0	0	0	0	0	0	0	0	0
166374_fr5	0	0	0	0	0	0	0	0	2	0	0	0	0	0	2	0	0	0	0	0	0	0	0	11	1	0	0	0	0	2	0	2	0	2	0	0	1	0	0	1
166399_fr4	0	0	0	0	5	0	0	0	6	0	0	0	0	6	0	0	0	0	0	0	0	1	0	0	0	0	0	0	1	0	0	4	0	0	0	0	0	0	0	0
166827_fr1	7	6	3	10	6	8	7	5	12	0	4	0	4	4	6	7	4	5	7	8	6	7	9	8	3	0	6	5	8	9	12	8	0	11	6	11	0	8	9	8
168006_fr3	0	0	0	0	0	0	0	0	0	0	0	0	0	1	0	0	0	0	0	0	0	0	0	0	3	0	0	0	0	2	0	0	0	0	0	0	0	0	0	2
168131_fr3	0	0	5	0	0	0	0	0	0	2	0	0	0	0	0	0	0	0	0	0	0	0	0	0	0	0	0	0	0	0	0	0	0	0	4	0	0	0	0	0
168248_fr3	0	0	0	2	0	1	1	0	2	0	0	1	0	2	0	0	0	0	0	0	0	0	2	2	2	0	2	2	2	0	2	2	1	0	0	2	2	2	2	0
168270_fr4	0	0	0	0	2	0	0	0	0	0	0	0	0	1	2	0	0	0	0	0	0	0	0	0	0	0	1	0	0	1	2	8	0	0	0	0	0	0	0	0
169586_fr1	0	0	0	0	0	0	0	0	0	0	0	0	0	0	0	0	0	0	0	0	0	0	0	0	0	0	0	0	0	0	0	0	0	0	0	0	0	0	0	5
169603_fr2	1	4	0	0	0	1	0	0	0	0	0	0	0	0	0	0	0	0	0	0	0	0	0	0	0	0	0	0	0	0	0	0	0	0	0	0	0	0	0	0
169622_fr1	0	0	2	0	0	2	0	0	2	0	2	2	2	2	2	2	2	0	0	0	2	3	2	0	4	2	2	2	0	3	2	2	0	3	2	0	2	0	0	0
169623_fr4	0	0	0	0	0	0	5	0	0	0	0	0	0	0	0	0	0	0	0	0	0	0	0	0	0	0	0	0	0	0	0	0	0	0	0	0	0	0	0	0
169648_fr6	1	0	1	2	1	1	0	3	0	0	0	1	7	2	1	2	2	0	7	0	2	0	0	7	4	2	0	4	0	0	0	2	2	0	0	1	3	3	3	0
169669_fr4	0	0	0	0	0	0	0	0	0	0	0	0	0	0	0	0	0	2	2	0	0	4	0	0	4	3	0	0	0	2	0	0	0	0	0	0	4	0	0	0
169703_fr3	0	2	0	4	0	1	3	0	0	0	0	0	0	0	0	0	0	0	0	2	0	0	0	0	0	0	0	0	0	0	2	0	0	0	0	0	0	1	7	0
169742_fr1	0	0	0	0	0	4	3	0	0	0	0	0	0	0	0	0	0	0	0	0	0	0	0	0	0	0	0	0	0	0	0	0	0	0	0	0	0	0	0	0
169820_fr2	0	0	4	0	0	0	0	0	0	0	0	0	0	0	0	0	0	0	0	0	0	0	0	0	0	0	0	0	0	0	0	0	0	0	0	0	0	0	0	0
170702_fr2	5	5	0	5	0	6	2	1	4	1	1	0	1	2	3	0	0	0	1	1	2	10	2	3	3	2	3	3	1	1	5	4	3	2	2	3	5	3	3	2
171058_fr5	0	0	0	0	0	0	0	0	0	0	0	0	0	0	0	0	0	0	0	0	0	0	0	0	0	4	0	0	0	0	0	0	0	0	0	0	0	0	2	0
171207_fr2	0	0	4	6	0	0	0	3	0	0	0	1	0	0	0	1	0	0	0	0	0	0	0	0	0	0	5	0	0	8	5	0	0	0	0	10	0	0	1	0
171315_fr5	0	0	0	0	0	0	0	0	0	0	0	1	1	0	1	0	0	0	2	1	0	0	0	0	0	0	0	0	0	0	1	1	0	0	0	0	0	0	0	0
171530_fr6	0	0	0	0	0	0	0	0	0	2	0	0	0	0	0	0	0	1	0	0	0	0	0	0	0	0	0	0	0	0	0	0	7	0	0	0	0	0	0	0
172234_fr2	0	0	0	0	0	0	0	1	0	0	0	0	0	0	0	0	0	0	0	0	0	0	0	0	0	3	0	0	0	0	0	0	0	0	0	0	0	0	0	0
172695_fr2	0	0	0	0	0	0	0	0	0	0	0	0	2	0	0	0	0	0	0	0	0	4	0	0	0	0	0	0	0	1	0	0	0	0	0	0	0	0	0	0
172699_fr5	0	0	0	0	1	0	0	4	1	0	0	0	0	2	0	0	0	0	0	0	0	2	2	1	1	2	0	0	2	2	0	1	1	0	2	0	1	0	3	2
172788_fr6	0	0	0	0	0	0	0	0	0	0	0	0	0	0	5	0	0	0	0	0	0	0	0	0	0	0	0	0	0	0	0	0	0	0	0	0	0	0	0	0
172832_fr5	0	0	2	0	0	0	0	0	0	0	0	0	0	0	0	0	0	0	0	0	0	0	0	0	0	0	0	2	0	0	0	0	7	0	0	0	0	0	0	0
174113_fr3	4	2	2	2	0	0	2	0	0	0	2	0	0	0	2	0	0	2	0	0	0	0	4	0	0	0	0	0	0	0	0	0	0	0	0	0	0	0	0	0
174148_fr5	0	1	0	0	0	0	4	0	0	0	0	0	0	0	1	0	0	0	0	4	0	0	0	0	0	0	0	0	0	0	2	0	0	0	0	0	1	0	2	0
174259_fr5	0	3	0	0	0	2	0	0	0	0	0	0	0	0	0	0	0	0	0	0	0	0	1	0	0	0	0	0	4	0	0	0	0	0	0	0	0	0	0	2
174278_fr6	7	6	6	7	8	5	5	2	10	0	5	0	0	0	5	0	0	4	5	3	3	5	2	0	0	3	8	6	0	0	5	0	4	5	7	0	8	6	4	0
174472_fr2	2	2	0	0	0	0	0	0	0	0	0	0	0	0	0	0	0	0	0	0	0	2	0	0	0	0	0	0	0	0	0	0	0	0	0	0	0	0	0	0
175002_fr1	0	0	0	0	0	0	0	0	0	0	0	0	0	0	0	0	0	0	0	3	0	0	0	0	0	0	0	0	0	0	0	0	0	0	0	0	0	0	0	0
175507_fr6	0	0	0	0	0	4	0	0	0	1	0	0	0	0	0	0	0	0	0	0	0	0	0	0	0	0	0	0	0	0	0	0	0	0	1	0	0	0	0	0
175575_fr3	0	0	0	0	0	0	0	0	0	0	0	0	0	0	0	0	0	0	0	0	0	0	0	0	0	0	0	0	4	0	0	0	0	0	0	0	0	0	0	0
175700_fr1	0	0	0	0	0	0	0	0	0	0	0	0	0	4	0	0	0	5	0	0	5	0	1	2	0	5	0	0	4	0	1	0	0	0	0	0	0	0	0	7
176301_fr2	0	0	0	0	0	0	0	0	0	0	0	0	0	0	0	0	0	0	0	0	0	0	0	2	0	0	0	0	0	0	0	0	0	0	2	0	0	0	0	0
176791_fr1	0	0	0	0	0	0	0	0	0	0	0	0	0	0	5	0	0	0	0	0	0	0	0	0	0	0	2	0	0	0	3	2	0	0	0	3	0	0	0	0
177368_fr1	0	0	0	3	0	0	0	4	0	0	0	0	0	0	0	0	0	0	0	0	1	0	0	0	0	0	0	0	2	0	0	0	2	0	2	2	0	3	2	0
177383_fr6	2	12	1	1	5	1	0	0	2	1	1	0	2	0	4	0	2	3	1	1	3	2	0	0	0	1	2	0	0	0	2	2	2	10	4	1	3	4	0	0
177844_fr6	0	0	0	0	0	0	6	0	0	0	0	0	0	0	0	0	0	0	0	0	0	0	0	0	0	0	0	0	0	0	0	0	0	0	0	0	0	0	0	0
177973_fr2	1	2	2	2	2	1	0	2	2	1	2	2	2	2	2	2	2	2	1	5	2	2	2	2	2	1	2	1	1	2	2	2	2	2	2	2	2	2	1	2
178091_fr2	0	0	0	0	3	0	0	2	0	0	0	0	0	0	0	0	0	0	0	0	0	2	0	0	0	0	0	3	2	0	0	0	0	0	0	0	0	0	0	0
178103_fr6	0	0	0	0	0	0	0	0	0	0	0	0	0	0	0	0	0	0	0	0	3	0	5	4	0	2	0	0	0	3	0	0	0	2	0	0	0	0	0	6
178303_fr6	0	0	0	0	3	0	0	0	0	0	0	0	0	0	0	0	0	0	0	0	0	0	0	0	0	0	0	0	0	0	0	0	0	0	0	0	0	0	0	0
179168_fr1	0	0	0	3	0	0	0	0	0	0	0	0	0	0	0	0	0	0	0	0	0	0	0	0	0	0	0	0	0	0	0	0	0	0	0	0	0	0	0	0
179252_fr2	0	0	0	0	4	0	0	0	0	2	0	0	0	0	0	1	1	1	4	0	4	0	0	0	0	0	0	0	0	0	0	0	0	1	0	0	0	0	0	0
179301_fr4	0	0	0	6	0	0	0	4	0	0	0	3	0	6	0	0	4	0	0	0	0	0	0	2	6	0	0	0	0	0	0	0	0	0	6	0	0	4	4	0
179570_fr4	1	4	0	0	0	0	0	0	0	0	0	0	0	0	0	0	0	4	0	0	0	0	0	0	0	2	0	0	0	1	0	0	0	0	0	0	0	0	0	0
179998_fr5	0	0	0	0	0	2	4	0	0	0	0	0	0	0	0	0	0	0	0	4	0	0	0	0	0	0	0	0	0	0	0	0	0	0	0	0	0	0	3	0
180145_fr6	0	0	0	0	0	0	0	0	0	0	0	0	0	0	0	0	0	0	0	0	0	0	0	0	0	0	4	0	0	0	0	0	0	0	0	0	0	0	0	0
180211_fr3	0	0	0	0	0	0	0	0	0	0	0	0	0	0	0	0	0	0	0	0	4	0	8	0	0	0	0	0	4	0	0	0	0	0	0	0	0	0	0	0
181254_fr1	0	0	0	0	0	0	0	0	0	3	0	0	0	0	0	0	0	0	0	0	0	0	0	2	0	0	0	0	0	0	0	0	0	0	0	4	0	0	0	0
181267_fr5	0	0	0	0	0	0	0	0	0	0	0	0	0	0	0	0	0	0	0	2	0	0	0	0	0	0	0	0	0	0	0	1	0	0	3	0	0	1	0	2
181483_fr2	0	2	0	0	0	0	0	9	0	0	0	0	0	0	0	0	0	0	0	9	0	0	4	0	6	0	0	4	8	4	0	0	0	0	5	0	2	2	2	0
181833_fr2	0	0	0	0	0	2	5	0	0	0	0	0	0	0	0	0	0	0	0	3	0	0	0	0	0	0	0	0	0	0	0	0	0	0	0	0	0	0	2	0
182086_fr1	35	36	32	13	8	34	14	31	7	8	37	51	40	39	38	39	28	32	40	25	36	27	27	44	17	16	39	37	14	41	33	35	33	33	38	25	17	35	37	0
182203_fr2	0	0	0	0	0	3	4	0	0	0	0	0	0	0	0	0	0	0	0	0	0	0	0	0	0	0	0	0	0	0	0	0	0	0	0	0	0	0	0	0
182450_fr5	0	0	0	0	0	0	0	0	0	0	0	0	0	0	0	0	0	0	0	0	0	2	0	0	0	0	0	0	0	0	0	0	0	0	0	0	0	0	0	0
182640_fr2	0	0	0	3	0	0	0	0	0	0	0	0	0	0	0	0	0	0	0	0	0	0	0	0	0	0	0	0	0	0	0	0	0	0	0	0	0	0	1	0
182791_fr2	0	0	0	0	0	0	3	0	0	0	0	0	0	0	0	0	0	0	0	0	0	0	0	0	0	0	0	0	0	0	0	0	0	0	0	0	0	0	0	0
182902_fr1	0	0	0	0	0	8	7	0	0	0	0	0	0	0	0	0	0	0	0	8	0	0	0	0	0	0	0	0	0	0	0	0	0	0	0	0	0	7	2	0
183076_fr1	0	0	0	0	0	0	0	0	0	0	0	0	0	0	0	0	0	0	0	0	0	0	0	2	0	0	0	0	0	0	0	2	0	0	0	0	1	0	0	0
183084_fr4	0	0	0	0	0	0	0	0	0	0	0	0	0	0	0	0	0	0	0	0	0	0	0	0	6	4	0	0	0	0	3	6	0	0	0	0	0	5	0	0
183844_fr1	2	1	2	1	2	3	2	2	2	2	3	3	14	0	4	0	1	1	1	1	0	0	1	0	0	0	1	1	1	2	2	2	3	2	1	7	2	2	2	0
183846_fr1	5	4	4	2	2	6	6	6	2	6	2	0	0	4	6	1	0	5	6	2	5	2	5	2	3	2	0	2	0	2	4	2	2	2	4	0	2	6	5	2
183925_fr1	0	0	0	0	0	3	4	0	0	0	0	0	0	0	0	0	0	0	0	0	0	0	0	0	0	0	0	0	0	0	0	0	0	0	0	0	0	0	0	0
184825_fr5	0	0	0	0	0	0	0	0	0	0	0	0	0	0	0	0	0	0	0	0	0	0	0	0	0	0	1	0	0	4	0	0	0	0	0	0	2	0	0	0
185487_fr3	0	0	0	4	0	0	0	0	0	0	0	0	0	0	0	0	0	0	0	0	0	0	3	0	0	0	0	0	0	0	0	0	0	0	0	2	0	0	1	0
185498_fr2	0	0	0	0	0	0	0	0	0	0	0	0	0	0	0	0	0	0	0	0	0	0	0	0	0	0	0	0	2	0	0	0	0	3	1	0	3	0	0	4
185506_fr1	0	0	0	2	0	0	0	0	1	1	0	0	0	2	0	0	0	0	0	0	2	0	0	3	2	0	0	0	2	0	0	1	2	1	3	0	0	1	0	0
185800_fr3	0	0	0	0	0	0	0	0	0	0	0	0	0	0	0	0	0	0	0	5	0	0	0	0	0	0	0	0	0	0	5	0	0	0	0	0	0	5	6	0
186168_fr5	0	0	0	0	0	0	0	0	0	2	0	4	0	0	0	0	0	0	0	0	0	0	0	0	0	0	0	0	0	0	0	2	0	0	0	0	0	0	0	2
186195_fr5	2	4	0	3	3	4	1	2	4	3	3	0	3	0	0	3	2	2	2	4	4	0	2	2	3	2	2	0	2	2	5	0	0	0	0	1	0	0	1	0
186201_fr3	9	8	6	2	9	8	5	7	0	3	2	0	2	17	8	18	6	3	6	4	2	6	22	1	17	16	14	6	0	1	3	3	7	3	2	20	5	2	2	2
186217_fr5	0	0	0	0	0	0	5	0	0	0	0	0	0	0	0	0	0	0	0	0	0	0	0	0	0	0	0	0	0	0	3	0	0	0	0	0	0	0	1	0
186257_fr2	0	0	0	0	0	0	0	0	0	0	0	0	0	0	0	0	0	0	0	0	0	0	0	0	0	0	0	0	0	4	0	0	0	0	0	0	0	0	0	0
187499_fr2	0	0	3	3	4	0	0	4	0	5	0	0	0	4	1	0	0	0	0	0	5	6	0	0	0	5	0	0	5	0	0	0	0	0	6	0	5	0	0	0
187564_fr1	0	0	0	0	0	0	0	0	1	0	0	0	0	0	0	0	0	0	0	0	2	0	3	1	0	0	0	0	4	0	0	2	0	0	0	0	0	0	0	0
188118_fr4	0	0	0	0	0	0	0	0	0	1	3	0	2	0	0	0	0	2	0	0	0	0	0	0	0	0	0	0	0	0	0	0	0	0	0	0	0	0	0	0
188129_fr1	0	0	0	3	6	0	0	0	0	0	0	0	0	0	0	0	0	0	0	0	3	1	0	0	3	3	2	0	0	0	0	0	0	0	0	0	0	5	0	2
188130_fr2	0	0	0	4	1	0	0	0	0	1	0	0	1	0	1	0	0	0	0	0	0	0	0	0	0	0	1	0	0	0	0	0	0	0	0	0	0	2	0	0
188208_fr1	0	0	0	0	0	0	0	0	0	0	0	0	0	0	0	0	0	0	0	0	0	0	0	0	0	0	0	0	0	2	0	0	0	0	0	0	0	0	0	0
188212_fr5	0	0	0	0	0	0	0	0	0	0	0	0	0	0	0	0	0	6	0	0	0	2	6	0	0	0	0	0	6	6	0	0	0	0	0	0	0	0	0	6
188305_fr3	0	0	0	0	4	0	0	0	5	0	0	0	0	7	0	0	0	0	0	0	0	0	0	0	0	0	0	0	6	0	0	0	0	6	0	0	4	0	0	10
188696_fr1	0	0	0	0	0	0	0	0	0	0	0	0	0	0	0	0	0	0	0	0	0	0	0	0	0	1	0	0	0	0	0	0	1	0	0	0	0	0	0	0
188740_fr6	0	0	0	0	0	0	0	0	0	0	0	0	5	0	3	0	0	5	0	0	0	4	0	0	5	0	0	0	2	0	0	0	3	0	0	4	0	3	0	0
189036_fr5	0	4	5	0	0	0	0	0	0	5	0	0	0	0	0	0	0	0	0	0	3	0	0	0	0	0	4	0	0	0	0	0	0	0	0	0	0	0	0	0
189210_fr4	0	0	0	0	0	4	4	0	0	0	0	0	0	0	0	0	0	0	0	4	0	0	0	0	0	0	0	0	0	0	0	0	0	0	0	0	0	2	3	0
189277_fr3	0	0	0	0	0	2	2	0	0	0	0	0	0	0	0	0	0	0	0	4	0	0	0	0	0	0	0	0	0	0	0	0	0	0	0	0	0	0	2	0
189299_fr5	1	1	0	0	0	2	0	0	0	0	0	0	0	0	0	0	0	0	0	0	0	0	0	0	0	0	0	3	0	0	0	0	0	0	0	0	0	0	0	0
189441_fr6	0	0	0	0	0	0	0	0	0	4	0	0	0	0	0	0	0	0	0	0	0	0	0	0	0	5	0	0	0	0	0	1	1	0	0	0	0	0	0	0
189460_fr4	0	0	0	0	0	0	0	0	0	0	0	0	0	0	0	0	0	0	0	0	2	0	0	0	0	0	0	0	0	0	0	0	0	0	0	1	0	0	0	0
189695_fr2	0	0	0	2	0	1	2	0	5	5	3	3	0	0	0	0	0	0	0	0	0	0	1	0	0	3	0	3	0	2	5	6	1	2	2	4	4	0	0	2
189952_fr5	3	3	0	0	0	0	0	0	0	0	0	0	0	0	0	0	0	0	0	0	0	0	0	0	0	0	0	0	0	2	0	0	0	0	0	0	0	0	0	0
190624_fr5	0	0	15	5	3	0	0	4	5	4	3	0	0	14	0	6	2	0	0	1	6	3	0	10	2	4	0	13	6	7	3	2	12	4	1	16	2	1	6	5
191065_fr3	0	0	0	8	2	0	0	4	6	6	0	0	1	4	0	0	0	2	0	0	6	2	2	6	7	5	2	2	2	6	0	8	6	6	6	0	8	7	0	6
191476_fr2	2	1	2	2	7	0	0	0	6	2	8	8	6	5	3	2	0	2	2	0	2	14	0	2	4	11	3	2	14	4	2	4	4	13	5	4	3	3	0	17
191493_fr6	0	0	0	2	0	0	0	0	2	3	0	0	0	2	0	0	0	3	3	2	2	0	3	1	4	2	0	2	0	2	9	8	2	3	4	2	4	4	2	2
192148_fr6	0	0	0	2	2	0	0	0	4	0	0	0	0	0	0	0	0	0	1	0	0	1	0	2	1	0	2	1	2	1	2	2	0	1	0	1	2	1	2	0
192301_fr5	0	0	0	0	0	0	0	0	0	0	0	0	0	0	4	0	0	0	0	0	5	2	0	0	0	0	0	0	0	0	0	0	4	0	5	0	0	0	0	0
192326_fr6	0	0	0	0	0	0	0	0	0	0	0	6	0	0	0	0	7	0	0	0	0	5	0	0	0	0	0	2	2	0	0	0	2	0	6	0	6	0	0	0
192652_fr5	0	2	0	2	0	0	0	0	0	0	0	0	0	0	3	0	0	0	1	4	0	0	0	0	0	0	0	0	0	0	4	0	0	0	0	0	0	5	5	0
192695_fr3	2	3	3	15	14	6	7	4	20	10	2	3	3	13	11	7	3	11	2	6	4	9	2	11	4	8	10	12	10	10	14	15	13	14	11	14	14	12	11	13
192741_fr2	0	0	0	0	0	0	0	0	0	0	0	0	0	0	0	0	0	0	0	0	0	0	0	0	0	0	0	0	0	0	0	0	0	0	0	0	0	0	0	4
192788_fr6	0	0	0	0	0	0	0	0	0	3	0	0	0	0	0	0	0	0	0	0	0	0	5	0	0	0	0	0	4	5	0	1	0	0	0	0	0	0	0	6
193782_fr4	2	0	2	0	0	0	0	0	0	0	4	3	6	0	2	0	2	0	0	0	0	2	0	4	4	3	1	2	2	1	0	1	4	2	2	0	1	0	0	1
193819_fr5	0	0	0	0	0	0	0	0	0	0	0	0	0	0	0	0	0	2	0	0	0	0	0	0	0	0	0	0	0	0	0	0	0	0	0	0	0	0	0	0
193864_fr2	0	0	0	0	0	0	0	0	0	0	0	0	0	0	0	0	0	0	0	3	0	0	0	0	0	0	0	0	0	0	0	0	0	0	0	0	0	0	0	0
194448_fr3	0	0	0	0	0	0	0	0	0	0	0	0	0	0	0	0	0	0	0	0	0	0	4	0	0	2	0	0	0	0	0	1	0	0	0	0	0	0	0	0
194450_fr6	0	0	0	2	0	2	0	0	0	0	0	0	0	6	0	0	0	0	0	0	0	0	0	3	1	0	0	3	3	5	0	0	0	0	0	0	0	0	4	0
194500_fr4	0	0	0	0	0	0	0	1	0	5	0	0	0	0	7	0	0	0	0	0	0	2	0	0	0	0	0	0	0	0	0	1	1	0	0	0	6	0	0	0
194528_fr4	0	0	0	0	1	0	0	0	0	0	0	0	0	0	0	0	0	1	0	0	0	0	0	0	0	0	0	0	0	0	0	0	0	0	0	0	0	0	0	0
194720_fr2	0	0	0	0	0	0	1	1	4	0	0	0	0	0	0	0	1	1	0	1	1	0	1	0	0	0	0	0	0	0	0	0	0	2	0	0	0	0	0	0
194768_fr2	2	1	2	2	1	2	2	2	0	1	1	3	0	0	2	5	4	2	7	0	1	0	0	0	2	2	3	1	0	0	0	0	0	2	3	1	4	2	2	0
194792_fr1	0	0	0	0	0	0	0	0	0	0	6	0	0	0	0	0	0	0	0	0	0	0	0	0	0	0	0	0	0	0	10	0	0	8	0	0	0	0	0	0
194796_fr2	8	12	6	6	9	5	8	5	5	2	16	14	17	14	13	8	19	8	13	2	8	8	5	17	10	8	11	11	16	11	10	15	25	12	16	3	28	14	20	6
194802_fr6	0	2	2	0	1	0	0	0	0	2	0	2	0	2	3	2	2	0	0	0	0	2	0	0	2	0	0	0	0	0	0	3	0	0	0	0	3	0	0	0
194806_fr6	0	0	0	0	0	0	0	0	0	0	0	0	0	0	0	0	0	0	0	0	0	0	0	0	0	0	0	0	0	0	0	0	0	0	0	0	0	0	0	3
195088_fr4	0	4	4	0	0	0	0	0	0	2	0	0	0	0	2	2	0	0	0	0	0	4	8	0	0	0	0	0	3	3	0	0	0	0	0	0	0	0	0	0
195102_fr4	13	12	9	11	8	12	10	15	6	7	12	11	10	11	11	11	16	11	10	7	10	3	8	13	13	11	5	12	4	11	9	10	11	13	12	12	12	12	12	9
195111_fr3	0	0	0	0	0	0	0	0	0	2	0	0	0	0	0	2	0	0	0	0	0	0	0	0	0	0	0	0	0	0	0	0	0	0	0	0	0	0	0	0
195409_fr2	0	0	0	0	0	0	0	0	0	0	0	0	0	0	0	0	0	0	0	0	0	0	0	0	0	0	0	0	0	0	0	0	0	0	0	0	3	0	0	0
195483_fr1	7	8	7	4	6	8	2	8	4	3	8	8	7	3	4	3	6	3	8	8	7	4	7	3	9	4	4	4	4	4	4	4	0	3	4	4	4	4	4	3
195622_fr2	2	5	5	5	0	0	4	0	0	0	4	3	11	0	5	4	0	5	0	8	4	0	2	0	1	3	6	2	1	1	6	3	3	0	1	1	1	1	4	0
195667_fr3	0	0	0	0	0	0	0	0	0	0	0	0	0	4	0	0	4	3	4	4	0	0	3	4	4	1	4	3	0	4	0	4	0	4	0	4	4	4	0	4
196197_fr5	0	0	0	0	0	0	0	0	1	0	0	0	0	0	0	1	0	0	0	2	0	0	0	0	0	0	0	0	2	0	1	2	0	2	0	0	0	1	1	0
196397_fr2	0	0	0	4	0	0	0	0	4	0	3	2	15	2	2	4	2	2	0	0	2	2	0	2	2	0	2	2	2	2	0	4	2	4	2	0	2	2	2	2
196580_fr2	0	0	0	0	0	0	0	0	0	0	0	0	0	0	0	0	0	0	0	1	0	0	0	0	1	0	0	0	0	0	0	0	0	0	0	0	0	0	0	0
196609_fr3	0	0	0	0	1	0	0	0	0	0	0	4	2	0	0	3	0	0	0	0	0	0	0	0	0	0	0	0	0	0	0	0	0	0	0	0	0	0	0	0
196615_fr5	0	0	0	0	0	3	0	3	2	0	0	3	0	4	0	0	0	0	4	0	3	2	3	0	4	4	0	0	2	2	0	2	0	2	0	0	4	0	0	2
196745_fr1	10	11	9	10	6	6	9	11	5	0	17	19	17	12	13	10	16	10	11	0	0	9	0	17	14	7	12	10	11	16	9	8	9	14	10	5	7	13	9	0
196843_fr3	3	2	2	10	2	2	17	2	11	13	6	3	2	2	2	2	2	12	17	20	8	2	4	10	4	2	2	2	4	7	7	6	2	11	1	6	19	5	6	7
196858_fr4	5	0	0	7	0	8	7	6	4	6	10	6	0	10	4	7	6	9	16	6	4	5	15	10	10	3	0	4	11	1	8	16	4	16	15	15	6	6	5	6
196884_fr4	0	0	0	0	0	8	0	0	0	0	0	16	11	0	0	0	0	0	0	0	0	0	0	9	0	0	0	0	0	0	0	0	0	0	0	0	0	0	0	0
197005_fr6	0	0	0	0	0	15	1	0	0	0	0	0	0	0	0	0	0	0	0	0	0	0	0	0	0	0	1	0	0	0	3	0	1	2	3	0	0	0	0	2
197099_fr1	0	1	2	0	5	3	0	0	0	0	0	0	0	0	2	0	0	0	0	0	0	0	0	0	0	0	0	0	0	0	1	0	2	0	0	0	0	0	0	0
197161_fr2	0	0	0	1	0	0	0	0	0	2	0	0	0	2	2	0	0	0	0	0	3	0	1	0	0	0	2	1	2	0	0	2	3	2	0	2	2	0	0	0
197192_fr5	0	0	0	1	0	0	0	0	8	0	10	6	0	0	0	4	0	4	1	2	3	0	2	0	0	1	2	6	0	5	11	6	2	6	4	6	3	3	3	3
197640_fr5	0	3	0	0	0	0	0	0	0	0	0	0	0	0	0	0	0	0	0	0	0	3	0	0	0	3	0	0	0	0	0	0	0	0	0	0	0	0	0	0
197797_fr1	0	0	0	4	0	0	3	1	9	0	0	1	0	0	1	0	2	0	0	10	0	0	0	2	0	0	0	0	0	0	1	0	1	1	1	0	0	0	0	0
197838_fr2	0	0	0	0	0	2	0	0	0	0	0	0	0	0	0	0	0	0	0	2	0	0	0	0	0	0	0	0	0	0	0	0	0	0	0	0	0	0	5	0
197987_fr2	0	0	0	0	0	0	0	0	0	0	0	0	4	0	0	0	0	0	0	0	0	0	0	0	0	0	0	0	0	0	0	0	0	0	0	0	0	0	0	0
197999_fr3	0	2	0	0	0	0	0	0	0	0	0	0	0	0	0	0	0	0	0	0	0	0	0	0	0	0	0	0	0	0	0	3	0	0	0	0	0	0	0	0
198233_fr4	0	0	0	0	1	0	0	0	0	2	2	1	0	1	0	2	0	2	2	2	12	2	2	0	0	3	1	5	0	0	0	3	1	1	0	3	0	3	2	0
198368_fr2	0	0	0	0	0	0	0	0	0	0	0	0	0	0	0	0	0	0	0	0	0	0	2	0	2	0	0	0	0	2	0	0	0	0	0	0	0	0	0	0
198421_fr3	19	13	13	23	11	18	24	18	32	23	28	19	10	0	0	26	17	20	11	4	8	14	9	0	2	14	17	19	0	6	28	7	0	10	5	11	15	17	18	14
198451_fr2	0	0	0	0	0	0	0	0	4	0	0	0	0	0	0	0	0	0	0	0	0	0	0	0	0	0	0	0	0	0	0	0	0	0	0	0	0	0	0	0
198506_fr4	0	0	0	0	0	0	0	0	0	0	0	0	0	0	0	0	0	0	0	0	0	0	0	0	0	0	1	0	0	0	0	0	0	0	0	1	2	0	0	0
198532_fr3	0	0	0	0	0	4	4	0	0	0	0	0	0	0	0	0	0	0	0	2	0	0	0	0	0	0	0	0	0	0	2	0	0	0	0	0	0	2	2	0
198854_fr5	2	0	1	9	5	0	1	0	3	3	0	0	0	3	2	0	0	0	2	7	2	8	1	9	2	8	8	10	9	8	0	0	2	2	2	0	2	0	0	2
198995_fr4	4	2	1	2	0	0	3	2	0	0	0	3	3	1	9	8	7	2	6	16	4	3	0	0	2	1	1	4	0	0	0	4	0	2	1	6	1	3	10	0
199594_fr2	0	0	0	0	2	0	0	2	2	4	5	0	0	0	2	0	0	0	4	0	0	0	0	0	0	0	0	0	4	0	2	0	3	2	0	0	0	0	0	4
199608_fr3	0	0	0	7	0	3	0	0	0	0	0	0	0	0	0	0	0	0	2	0	0	0	0	13	0	0	0	0	0	2	0	0	0	0	0	0	0	0	7	0
199807_fr1	2	0	2	0	0	0	2	3	3	0	2	2	0	1	0	0	1	0	0	0	0	0	0	0	6	0	2	0	0	0	2	0	3	2	3	1	3	6	0	0
200269_fr2	0	0	0	0	2	0	0	2	3	2	0	0	0	2	0	0	0	1	0	0	0	0	1	0	0	0	0	0	2	2	0	0	0	1	2	0	2	0	0	2
200301_fr2	9	0	10	10	2	4	10	3	2	8	1	15	12	11	12	12	18	0	10	0	11	12	12	12	4	11	11	12	11	14	10	12	10	4	11	2	2	12	12	0
200701_fr2	0	0	0	0	4	0	0	0	0	0	0	0	0	0	0	0	0	0	0	0	0	0	0	0	0	0	0	0	0	0	0	0	0	0	0	0	0	0	0	0
200782_fr1	4	4	3	2	2	3	2	4	3	2	0	0	0	0	0	0	0	2	0	2	2	0	2	0	0	2	0	2	0	0	3	0	2	2	0	2	0	3	4	6
201379_fr2	0	0	0	0	0	0	0	0	0	0	3	4	4	4	4	2	3	0	5	0	0	3	0	4	3	0	2	0	2	5	0	2	0	0	4	0	2	0	0	0
201400_fr3	0	0	0	0	0	3	2	0	0	0	0	0	0	0	0	0	0	0	0	1	0	0	0	0	0	0	0	0	0	0	0	0	0	0	0	0	0	2	2	0
201844_fr3	0	0	0	0	0	0	0	0	0	2	0	0	0	0	0	0	0	0	0	0	0	0	0	0	0	0	0	2	0	0	0	0	0	0	0	0	0	0	0	0
202109_fr3	0	0	0	0	0	0	1	0	0	2	2	2	1	1	2	0	0	2	2	0	2	2	1	0	1	2	0	0	2	2	0	2	2	2	2	0	1	2	0	2
202279_fr1	5	2	4	6	6	6	5	6	5	6	4	6	4	4	4	0	4	4	4	4	4	2	4	13	4	3	4	4	4	13	6	2	2	5	4	3	4	3	6	2
202517_fr3	0	0	0	0	0	0	0	0	0	0	0	0	0	0	0	0	0	0	0	0	0	0	0	0	0	0	0	0	0	0	0	0	0	0	0	0	0	0	3	0
202637_fr1	21	9	0	15	6	5	7	10	20	6	5	4	7	6	14	28	7	13	9	19	8	7	19	8	8	5	6	10	11	7	18	10	18	34	21	22	12	21	9	22
202705_fr3	7	0	0	0	0	0	2	0	0	0	0	0	0	0	0	7	7	0	8	0	1	4	8	0	0	3	0	1	0	0	0	0	0	0	0	0	0	0	1	0
202894_fr3	0	0	0	0	0	8	17	0	0	0	0	0	0	0	0	0	0	0	0	0	0	0	0	0	0	0	0	0	0	0	0	0	0	0	0	0	0	4	8	0
203444_fr6	0	0	0	0	0	0	0	0	0	0	0	0	0	0	0	0	0	0	0	0	0	0	0	0	0	0	0	0	0	0	0	0	0	0	0	0	0	0	0	4
203611_fr1	0	0	0	0	0	0	0	0	0	0	2	0	0	0	0	0	2	0	0	0	0	0	0	0	0	0	0	0	0	2	0	0	0	0	0	0	0	0	0	0
203833_fr2	3	2	1	3	6	0	0	10	0	4	1	6	1	3	3	2	3	5	0	0	10	8	4	2	5	10	4	5	7	5	1	4	4	5	4	3	4	2	0	7
204380_fr6	0	0	0	0	0	0	0	0	0	0	0	0	0	0	0	0	0	0	0	0	0	0	0	0	0	0	0	2	0	0	0	0	0	1	0	0	0	0	0	5
204527_fr2	1	0	0	1	5	0	0	3	3	0	0	0	0	1	1	0	0	0	0	0	2	4	2	0	0	5	4	2	4	3	0	0	0	0	3	0	2	0	0	2
204994_fr3	0	0	0	0	0	0	0	0	0	0	1	0	0	0	0	0	0	0	0	0	0	0	0	0	0	0	0	0	0	0	0	0	0	0	0	0	0	0	2	0
205010_fr4	0	0	0	2	2	0	0	1	0	0	0	0	0	2	0	0	0	0	0	0	0	3	0	0	0	3	0	0	3	0	0	0	0	0	0	0	3	0	0	0
205033_fr3	0	0	0	0	0	0	0	0	0	0	0	0	0	0	0	0	0	0	0	0	0	0	0	0	0	0	0	0	0	0	0	0	0	0	0	0	0	0	0	6
205082_fr4	7	0	7	0	5	0	0	0	0	0	0	0	0	10	4	0	0	0	4	0	0	2	0	0	10	0	0	0	6	0	0	0	0	0	0	0	0	0	0	0
205875_fr1	2	3	0	0	2	0	0	0	0	0	0	2	0	4	2	0	0	5	0	0	4	0	4	0	0	1	2	0	5	2	0	2	3	0	0	3	4	1	0	4
206723_fr1	0	0	0	0	0	0	0	0	0	0	0	0	0	0	0	0	0	0	0	0	0	0	0	0	0	0	0	0	0	0	0	0	2	0	0	0	0	0	0	1
206895_fr3	0	0	0	1	0	0	0	0	3	4	0	0	0	1	0	0	0	0	1	0	2	0	0	0	2	1	0	0	2	3	0	2	2	2	0	1	0	2	0	4
207005_fr1	0	0	0	0	0	0	0	0	0	0	0	0	0	0	0	0	0	0	0	0	0	0	0	0	0	0	0	0	0	0	0	0	0	0	0	0	0	0	0	3
207844_fr2	0	0	0	0	0	1	0	1	0	4	0	1	0	0	1	0	0	0	1	0	1	1	2	3	2	0	0	0	2	6	3	3	6	2	3	0	2	0	0	4
207937_fr5	0	0	0	0	0	0	0	0	0	0	0	0	0	0	0	0	0	1	0	0	0	0	0	0	0	0	0	1	0	0	0	0	0	0	0	0	1	0	0	0
207957_fr5	0	0	0	0	0	0	0	0	0	0	0	0	0	0	0	0	0	0	0	0	0	0	6	0	0	0	5	0	0	0	0	0	0	0	0	0	0	0	0	0
208021_fr3	1	2	1	4	0	3	0	1	2	0	0	0	3	6	6	4	0	6	6	0	5	2	2	0	2	1	1	0	3	0	6	7	0	7	6	7	2	0	0	1
208036_fr5	6	4	7	0	6	0	0	7	0	6	0	0	0	0	0	0	0	0	0	0	0	6	0	0	7	9	0	0	8	7	0	0	9	0	0	0	0	0	0	0
208354_fr2	0	0	0	0	0	0	0	0	0	0	0	0	0	0	0	0	0	0	0	4	0	0	0	0	0	0	0	0	0	0	0	0	0	0	0	0	0	2	0	0
209438_fr3	7	5	2	5	15	0	0	9	2	18	0	0	0	0	10	0	0	0	0	11	12	11	0	0	8	9	2	3	7	0	0	10	13	9	8	6	16	0	1	0
209919_fr3	0	0	0	3	0	0	0	4	0	0	0	0	0	0	0	0	0	0	0	0	0	3	0	0	0	3	0	4	0	0	0	0	0	0	0	0	4	0	0	0
209926_fr1	0	0	0	0	0	0	0	0	0	0	0	4	4	3	2	0	4	0	0	0	4	0	0	8	3	0	4	0	0	4	0	0	2	0	2	0	0	5	0	0
209971_fr2	0	0	0	0	0	0	0	0	0	0	0	3	4	4	4	0	2	0	0	0	2	2	0	3	4	0	2	0	0	3	0	0	0	0	0	0	2	2	0	0
210532_fr6	0	0	0	0	0	0	0	0	0	6	0	0	0	0	0	0	0	0	0	0	0	0	0	0	0	0	0	0	0	0	0	0	4	0	0	0	3	0	0	0
210555_fr5	0	0	0	0	6	0	0	0	0	4	0	0	0	0	0	0	0	0	0	0	1	2	2	0	1	5	0	0	2	0	0	0	0	5	1	0	0	0	0	2
210885_fr3	0	1	0	0	0	0	0	2	2	0	0	0	0	0	0	0	0	0	0	0	0	0	0	0	0	0	0	0	2	0	0	1	2	0	0	0	0	0	0	3
211177_fr4	0	0	0	0	1	0	0	0	0	2	0	0	5	0	0	0	0	0	0	0	0	0	0	0	0	1	0	0	0	0	0	0	0	0	0	0	0	0	0	0
211227_fr4	0	0	0	0	0	0	0	0	3	0	0	0	0	0	0	0	0	0	0	0	0	0	0	0	0	3	0	0	0	0	0	0	4	0	0	0	0	0	3	0
212929_fr6	0	0	0	0	0	0	0	0	0	0	0	0	0	3	0	0	0	0	0	0	0	0	0	0	0	0	0	0	1	0	0	0	0	0	0	0	0	0	0	5
212968_fr1	0	0	0	0	0	2	5	0	0	0	0	0	0	0	0	0	0	0	0	0	0	0	0	0	0	0	0	0	0	0	0	0	0	0	0	0	0	0	0	0
213136_fr3	0	0	0	0	0	3	0	0	0	0	0	0	0	0	0	0	0	0	0	0	0	0	0	0	0	0	0	0	0	0	0	0	0	0	0	0	0	0	0	0
213184_fr3	0	0	0	0	0	0	3	0	0	0	0	0	0	0	0	0	0	0	0	0	0	0	0	0	0	0	0	0	0	0	0	0	0	0	0	0	0	0	0	0
213376_fr3	1	2	0	3	0	0	6	0	0	0	0	0	0	0	0	0	0	0	0	5	0	0	0	0	0	0	0	0	0	0	0	0	0	0	0	0	0	6	6	0
213827_fr4	0	0	0	0	0	0	0	0	0	2	0	0	0	0	0	0	0	2	0	0	0	2	0	1	2	3	0	0	0	2	0	1	0	0	1	0	0	0	0	0
215408_fr6	0	0	0	0	0	0	0	0	0	0	0	0	0	0	0	0	0	0	0	2	0	0	0	0	0	0	0	0	0	0	0	0	0	0	0	0	0	0	0	0
216753_fr2	1	0	0	3	0	0	0	0	2	0	0	1	0	0	0	0	0	0	0	0	0	0	0	0	0	0	0	0	0	0	0	0	0	0	0	0	0	0	0	0
216880_fr6	0	0	0	5	2	8	4	6	10	10	4	1	0	1	2	1	3	0	0	6	7	6	1	1	0	5	4	9	6	5	4	0	0	2	0	1	1	4	7	6
216940_fr5	0	0	0	0	0	0	0	0	0	0	0	0	0	0	0	0	0	0	0	0	6	1	0	0	4	1	0	0	2	0	0	0	0	0	0	1	1	1	0	0
217521_fr5	0	4	0	0	0	0	0	0	0	0	0	0	0	0	0	0	0	0	0	0	0	0	0	0	0	0	0	0	0	0	0	0	2	0	0	0	0	0	0	0
217647_fr4	0	0	0	0	5	0	0	8	0	0	0	0	0	0	0	0	0	0	0	0	0	0	0	0	0	0	0	0	0	0	0	0	0	0	0	0	0	0	0	3
217725_fr5	0	0	0	0	0	0	0	0	0	0	0	0	0	0	0	0	0	2	0	0	0	0	0	0	0	0	0	0	0	0	0	0	0	0	0	0	0	0	0	0
